6338
0
1
3
4
5
6
7
8
9
11
13
16
21
22
30
31
32
38
39
40
43
46
47
49
51
52
53
55
57
58
59
60
61
63
66
69
70
74
75
76
78
79
80
87
91
94
95
98
102
103
104
105
106
107
109
112
113
114
117
118
119
122
127
128
132
134
136
137
141
146
149
152
153
154
155
157
158
159
161
162
164
166
168
170
172
174
176
178
180
181
184
185
189
190
191
192
199
201
202
203
204
206
207
209
210
212
213
215
217
218
223
224
228
235
236
240
241
244
245
246
247
249
253
255
258
259
260
261
262
263
264
270
275
279
282
283
284
285
286
288
290
291
294
295
297
300
301
302
305
306
308
310
311
313
315
316
318
320
321
323
325
327
329
330
331
332
333
334
335
336
338
339
343
350
351
352
353
355
356
357
359
360
363
365
369
371
372
377
379
386
387
388
390
391
393
395
397
400
401
402
405
407
408
409
412
413
416
418
420
423
427
428
431
432
433
434
438
440
441
444
446
447
448
449
450
451
452
455
459
461
464
467
468
470
471
472
473
476
478
481
483
484
485
487
489
494
500
501
502
503
504
505
506
507
509
510
512
513
516
517
519
525
526
528
533
534
535
540
542
543
545
548
549
552
553
558
559
560
563
564
565
566
573
574
576
577
578
579
580
581
582
585
587
590
592
593
594
598
599
604
605
610
611
612
613
616
617
618
619
620
621
622
623
627
629
635
637
638
639
642
643
648
650
651
652
653
655
658
660
664
665
666
669
671
672
674
675
676
677
678
679
680
682
683
684
686
687
700
702
705
706
709
712
713
714
716
718
721
722
723
727
728
729
733
735
739
740
741
742
746
747
748
749
751
753
754
755
757
758
759
762
763
766
770
771
772
774
775
776
778
779
781
789
790
793
795
796
797
798
799
801
802
806
809
810
811
817
818
821
822
823
825
826
827
831
835
836
839
841
842
844
845
848
849
850
851
853
855
856
857
860
862
863
864
866
867
869
871
874
875
876
879
880
881
886
888
890
891
892
894
895
896
897
898
899
900
901
902
903
906
907
911
914
916
917
918
920
921
922
923
925
929
931
932
934
937
938
939
943
944
947
950
951
954
957
959
965
973
978
979
982
983
984
988
989
991
995
999
1002
1003
1006
1007
1008
1009
1010
1011
1015
1018
1019
1021
1022
1023
1025
1026
1028
1029
1031
1032
1033
1034
1035
1036
1037
1041
1042
1050
1051
1054
1055
1058
1060
1063
1068
1070
1072
1074
1076
1077
1080
1081
1082
1083
1087
1089
1091
1092
1093
1095
1098
1099
1100
1102
1103
1104
1109
1112
1114
1115
1117
1121
1124
1126
1127
1128
1129
1130
1131
1133
1135
1136
1139
1140
1141
1142
1143
1144
1146
1149
1151
1160
1166
1169
1170
1175
1176
1177
1178
1179
1181
1183
1184
1186
1192
1193
1194
1195
1196
1200
1202
1203
1204
1206
1207
1209
1210
1211
1212
1213
1214
1215
1216
1218
1219
1220
1221
1222
1224
1226
1228
1230
1234
1237
1238
1240
1241
1245
1246
1249
1252
1253
1255
1256
1257
1258
1261
1263
1265
1266
1269
1270
1271
1272
1273
1274
1275
1277
1278
1279
1280
1281
1283
1287
1292
1293
1294
1295
1297
1299
1300
1303
1304
1305
1306
1307
1309
1310
1311
1316
1319
1320
1323
1325
1327
1328
1329
1333
1335
1340
1342
1344
1346
1348
1350
1353
1354
1357
1360
1364
1366
1368
1372
1375
1378
1385
1389
1392
1394
1395
1396
1399
1400
1402
1405
1406
1410
1412
1414
1415
1416
1418
1420
1422
1423
1424
1426
1427
1428
1431
1432
1433
1435
1436
1437
1439
1441
1447
1449
1451
1454
1455
1456
1457
1458
1460
1463
1464
1465
1467
1469
1473
1478
1481
1482
1484
1486
1487
1489
1490
1491
1493
1496
1497
1501
1504
1508
1510
1513
1514
1520
1521
1523
1524
1525
1529
1532
1534
1535
1536
1537
1538
1543
1544
1545
1546
1548
1549
1551
1552
1553
1557
1558
1559
1561
1563
1566
1570
1572
1574
1578
1580
1581
1582
1586
1587
1588
1593
1595
1596
1597
1599
1603
1605
1606
1607
1611
1613
1614
1616
1619
1621
1624
1626
1627
1629
1630
1634
1635
1636
1637
1638
1639
1640
1641
1643
1644
1650
1651
1652
1653
1654
1655
1659
1661
1662
1663
1665
1666
1672
1673
1675
1676
1679
1680
1681
1682
1684
1685
1686
1687
1697
1699
1700
1701
1706
1707
1708
1709
1710
1711
1712
1713
1714
1715
1717
1718
1720
1725
1727
1728
1729
1731
1733
1735
1736
1737
1740
1742
1743
1747
1750
1751
1755
1759
1762
1763
1764
1765
1766
1768
1771
1776
1777
1779
1780
1781
1782
1783
1787
1788
1790
1792
1794
1799
1803
1804
1809
1813
1814
1819
1820
1821
1822
1824
1826
1827
1828
1830
1831
1834
1835
1836
1837
1838
1841
1842
1843
1845
1846
1847
1848
1849
1851
1853
1856
1859
1862
1863
1866
1867
1868
1869
1870
1871
1872
1877
1878
1879
1882
1883
1886
1887
1889
1890
1891
1892
1895
1898
1901
1902
1903
1906
1907
1910
1913
1914
1917
1918
1923
1927
1928
1929
1935
1936
1938
1941
1942
1944
1947
1951
1952
1953
1955
1961
1963
1964
1971
1973
1981
1983
1984
1985
1986
1988
1989
1991
1993
1994
1995
1996
1997
1998
1999
2002
2003
2005
2007
2011
2013
2014
2015
2017
2018
2020
2021
2030
2031
2032
2033
2034
2035
2036
2038
2039
2040
2041
2043
2044
2045
2046
2047
2049
2055
2056
2058
2059
2060
2063
2065
2067
2068
2070
2075
2076
2079
2080
2081
2082
2085
2086
2087
2088
2091
2096
2097
2100
2101
2102
2103
2105
2108
2113
2114
2117
2118
2119
2123
2124
2125
2126
2128
2130
2131
2134
2135
2137
2143
2144
2147
2149
2151
2152
2153
2154
2156
2158
2161
2166
2169
2173
2175
2178
2179
2181
2182
2183
2185
2187
2188
2190
2191
2193
2195
2196
2198
2199
2200
2201
2203
2204
2205
2206
2207
2208
2209
2212
2215
2217
2220
2221
2225
2226
2227
2228
2229
2234
2236
2237
2239
2240
2243
2245
2248
2250
2251
2252
2254
2255
2256
2259
2261
2262
2264
2265
2267
2271
2273
2275
2277
2278
2279
2282
2285
2287
2288
2289
2294
2297
2298
2299
2300
2301
2307
2309
2310
2312
2314
2316
2317
2318
2321
2324
2325
2336
2337
2338
2339
2340
2341
2343
2346
2349
2350
2353
2355
2357
2358
2361
2362
2363
2364
2367
2368
2369
2370
2371
2372
2373
2375
2380
2381
2383
2385
2386
2387
2388
2389
2391
2392
2393
2394
2396
2398
2400
2402
2403
2406
2412
2416
2419
2424
2425
2427
2428
2429
2430
2432
2433
2435
2438
2442
2445
2446
2448
2449
2452
2455
2456
2458
2460
2461
2462
2463
2466
2467
2468
2469
2472
2475
2476
2477
2479
2482
2483
2485
2488
2490
2493
2494
2501
2502
2504
2505
2509
2510
2511
2516
2518
2519
2520
2521
2525
2526
2527
2528
2530
2531
2534
2536
2540
2541
2543
2544
2546
2548
2549
2552
2554
2555
2558
2559
2561
2563
2567
2574
2575
2577
2578
2579
2580
2581
2584
2586
2587
2588
2592
2594
2595
2596
2597
2599
2604
2605
2606
2607
2608
2613
2614
2615
2617
2620
2621
2622
2623
2624
2625
2626
2627
2628
2629
2630
2633
2636
2638
2640
2641
2643
2646
2648
2651
2652
2655
2656
2659
2660
2662
2664
2669
2670
2671
2672
2673
2675
2676
2679
2689
2695
2700
2702
2703
2705
2706
2709
2711
2712
2713
2716
2717
2718
2719
2722
2724
2725
2726
2727
2729
2730
2731
2734
2735
2736
2737
2738
2739
2740
2741
2744
2745
2746
2749
2752
2753
2756
2758
2759
2761
2765
2766
2768
2771
2773
2774
2775
2777
2778
2779
2780
2781
2783
2784
2786
2787
2788
2791
2793
2794
2795
2796
2799
2804
2807
2810
2817
2820
2827
2828
2829
2832
2834
2836
2838
2839
2841
2844
2847
2848
2852
2853
2855
2856
2859
2860
2862
2863
2864
2867
2868
2870
2872
2873
2874
2875
2878
2879
2881
2882
2886
2892
2893
2894
2895
2899
2900
2901
2906
2908
2909
2911
2913
2919
2920
2923
2924
2931
2933
2935
2940
2941
2944
2945
2947
2948
2951
2953
2954
2955
2957
2962
2963
2964
2965
2966
2967
2968
2969
2973
2976
2978
2980
2981
2982
2984
2989
2990
2991
2992
2993
2994
2996
2998
3000
3001
3002
3005
3008
3010
3012
3013
3014
3016
3019
3021
3022
3024
3032
3033
3035
3036
3037
3038
3040
3041
3043
3044
3049
3050
3052
3054
3056
3057
3058
3059
3060
3061
3063
3066
3067
3068
3072
3073
3074
3075
3076
3077
3078
3080
3083
3084
3086
3087
3088
3089
3091
3092
3093
3094
3095
3098
3103
3107
3108
3111
3112
3113
3115
3118
3120
3123
3126
3129
3131
3132
3133
3135
3136
3137
3140
3141
3144
3149
3154
3156
3158
3159
3160
3162
3163
3164
3166
3167
3168
3170
3175
3177
3179
3180
3184
3186
3187
3188
3190
3191
3192
3194
3200
3204
3205
3206
3210
3211
3213
3215
3216
3217
3219
3220
3223
3225
3231
3236
3238
3240
3242
3244
3245
3246
3248
3250
3251
3252
3255
3259
3261
3264
3266
3267
3270
3271
3272
3277
3278
3280
3283
3284
3285
3287
3291
3293
3294
3296
3298
3299
3302
3303
3304
3306
3307
3310
3312
3316
3318
3319
3320
3321
3322
3323
3324
3325
3327
3334
3335
3336
3338
3340
3341
3343
3344
3345
3347
3350
3351
3353
3358
3359
3361
3362
3363
3364
3366
3367
3373
3374
3376
3378
3379
3381
3382
3383
3384
3385
3386
3387
3389
3390
3392
3395
3398
3401
3403
3404
3406
3407
3408
3409
3410
3412
3413
3415
3417
3419
3420
3421
3422
3423
3424
3425
3426
3427
3432
3433
3434
3435
3436
3437
3439
3440
3442
3443
3445
3448
3449
3451
3452
3453
3454
3455
3457
3458
3459
3461
3463
3464
3465
3468
3469
3473
3474
3475
3476
3478
3485
3488
3491
3492
3493
3494
3495
3496
3497
3500
3501
3502
3506
3507
3508
3512
3513
3515
3517
3518
3520
3524
3528
3530
3531
3532
3534
3536
3537
3540
3542
3543
3546
3548
3549
3552
3554
3555
3557
3558
3559
3561
3563
3567
3568
3569
3570
3571
3572
3573
3574
3578
3579
3580
3581
3586
3587
3588
3590
3591
3593
3594
3596
3599
3605
3606
3609
3610
3611
3612
3614
3616
3618
3620
3621
3622
3623
3625
3626
3629
3630
3632
3634
3640
3642
3644
3645
3650
3651
3656
3660
3662
3663
3664
3665
3666
3667
3670
3671
3673
3674
3675
3678
3680
3682
3683
3685
3687
3688
3690
3695
3696
3697
3701
3703
3704
3705
3707
3708
3710
3713
3714
3716
3718
3720
3721
3722
3723
3725
3726
3727
3732
3733
3740
3741
3745
3750
3751
3753
3755
3758
3761
3764
3765
3766
3768
3772
3773
3774
3776
3780
3784
3785
3786
3787
3788
3790
3791
3792
3793
3795
3797
3799
3801
3803
3806
3807
3809
3810
3813
3814
3815
3816
3817
3822
3824
3827
3828
3829
3830
3835
3836
3837
3839
3840
3841
3842
3843
3844
3846
3848
3849
3851
3852
3853
3854
3856
3857
3858
3859
3861
3862
3863
3865
3867
3869
3871
3873
3876
3877
3878
3879
3881
3882
3883
3885
3888
3889
3890
3891
3892
3895
3896
3899
3903
3904
3905
3907
3909
3910
3912
3916
3918
3919
3920
3921
3922
3923
3925
3927
3928
3932
3936
3937
3939
3942
3943
3944
3947
3949
3953
3956
3957
3958
3960
3966
3967
3969
3970
3972
3975
3976
3979
3980
3981
3982
3984
3985
3986
3989
3994
3995
3996
3998
3999
4000
4004
4005
4007
4011
4012
4013
4014
4015
4016
4024
4025
4027
4028
4029
4030
4033
4034
4035
4036
4037
4039
4042
4045
4047
4048
4049
4054
4056
4057
4059
4061
4062
4066
4068
4069
4070
4071
4080
4083
4084
4090
4091
4092
4093
4095
4096
4097
4098
4100
4101
4105
4106
4107
4108
4109
4110
4111
4113
4114
4115
4116
4117
4120
4121
4122
4124
4125
4127
4129
4133
4134
4136
4137
4138
4142
4143
4145
4148
4152
4154
4156
4158
4159
4160
4161
4164
4165
4167
4168
4170
4172
4175
4176
4178
4182
4185
4186
4188
4191
4192
4193
4194
4195
4196
4198
4199
4200
4201
4202
4204
4205
4206
4207
4208
4209
4210
4211
4213
4222
4224
4226
4227
4233
4234
4238
4239
4240
4242
4243
4244
4245
4246
4247
4248
4250
4251
4252
4256
4259
4261
4262
4264
4265
4266
4267
4272
4275
4277
4279
4282
4283
4284
4285
4286
4288
4290
4292
4297
4298
4299
4300
4301
4303
4306
4307
4308
4309
4310
4311
4313
4314
4315
4316
4318
4320
4321
4322
4323
4324
4325
4326
4328
4330
4331
4332
4333
4340
4346
4349
4350
4354
4358
4359
4361
4363
4367
4368
4369
4373
4376
4378
4379
4380
4381
4383
4384
4385
4386
4388
4389
4390
4392
4396
4402
4404
4406
4407
4410
4411
4412
4413
4414
4415
4416
4417
4418
4420
4422
4424
4425
4426
4427
4430
4432
4433
4434
4436
4437
4439
4440
4441
4442
4444
4445
4446
4447
4448
4449
4450
4451
4455
4457
4458
4461
4466
4467
4472
4473
4476
4478
4481
4482
4488
4489
4491
4492
4495
4497
4502
4504
4505
4507
4510
4512
4515
4517
4522
4524
4525
4526
4527
4528
4529
4530
4532
4539
4540
4541
4545
4547
4548
4551
4555
4556
4557
4558
4561
4562
4567
4568
4570
4571
4573
4574
4576
4581
4584
4586
4589
4595
4599
4601
4605
4610
4611
4612
4615
4616
4617
4619
4620
4621
4622
4624
4625
4626
4627
4628
4629
4630
4631
4632
4634
4636
4637
4638
4640
4642
4644
4646
4648
4649
4650
4654
4656
4658
4659
4661
4662
4664
4666
4667
4670
4675
4678
4680
4681
4685
4686
4688
4689
4692
4694
4697
4700
4702
4706
4708
4710
4714
4718
4719
4720
4722
4726
4729
4734
4738
4740
4741
4742
4743
4744
4746
4748
4751
4752
4754
4760
4762
4763
4768
4774
4775
4778
4780
4781
4786
4788
4792
4793
4795
4796
4797
4800
4802
4804
4805
4808
4809
4811
4812
4813
4814
4815
4819
4822
4824
4826
4827
4828
4832
4833
4834
4836
4838
4839
4840
4843
4844
4845
4847
4851
4853
4855
4858
4860
4862
4863
4866
4867
4869
4872
4876
4877
4878
4879
4880
4881
4883
4884
4888
4890
4891
4892
4896
4898
4901
4905
4906
4909
4912
4913
4915
4916
4919
4920
4921
4924
4925
4928
4929
4936
4937
4940
4941
4942
4943
4944
4946
4947
4948
4952
4955
4956
4960
4961
4963
4965
4967
4968
4969
4971
4973
4975
4977
4982
4983
4984
4985
4986
4987
4988
4991
4993
4996
4997
4998
4999
5000
5001
5002
5003
5004
5006
5007
5008
5009
5010
5014
5018
5019
5020
5021
5023
5024
5025
5029
5030
5031
5032
5034
5036
5037
5039
5041
5042
5043
5044
5048
5049
5050
5051
5052
5053
5056
5058
5063
5064
5066
5068
5069
5071
5072
5074
5075
5079
5080
5082
5085
5087
5088
5090
5091
5092
5093
5096
5097
5098
5099
5100
5102
5103
5106
5110
5111
5115
5118
5122
5123
5124
5127
5132
5133
5136
5141
5144
5151
5153
5155
5156
5158
5159
5160
5161
5164
5166
5167
5169
5171
5174
5176
5178
5179
5180
5182
5183
5184
5186
5190
5192
5193
5195
5196
5197
5198
5199
5200
5204
5205
5207
5211
5212
5213
5215
5218
5219
5220
5224
5225
5226
5228
5230
5231
5232
5233
5234
5236
5239
5241
5242
5243
5244
5245
5247
5249
5250
5252
5259
5260
5262
5266
5273
5277
5279
5286
5288
5289
5290
5291
5293
5294
5296
5297
5298
5299
5302
5306
5307
5308
5310
5311
5312
5313
5315
5317
5318
5319
5320
5321
5323
5325
5327
5330
5331
5337
5339
5340
5342
5343
5346
5347
5348
5350
5352
5353
5356
5358
5360
5361
5363
5364
5366
5367
5368
5369
5373
5374
5376
5377
5379
5380
5381
5382
5385
5387
5389
5395
5397
5398
5399
5403
5405
5406
5408
5409
5410
5415
5416
5418
5419
5420
5424
5430
5431
5434
5435
5436
5437
5438
5440
5441
5442
5443
5444
5450
5451
5453
5454
5455
5456
5457
5458
5462
5463
5464
5465
5467
5469
5470
5472
5473
5474
5475
5476
5477
5483
5484
5487
5488
5489
5490
5493
5494
5498
5499
5500
5502
5504
5505
5506
5507
5509
5510
5511
5515
5517
5518
5520
5522
5527
5529
5530
5533
5534
5535
5536
5540
5541
5548
5549
5550
5552
5553
5554
5555
5556
5557
5558
5560
5562
5565
5569
5570
5571
5573
5577
5579
5581
5582
5585
5587
5588
5589
5591
5592
5593
5594
5596
5597
5598
5599
5600
5604
5608
5609
5610
5611
5612
5613
5615
5617
5619
5622
5623
5625
5630
5631
5632
5633
5638
5640
5644
5645
5647
5648
5649
5650
5653
5654
5663
5664
5666
5667
5668
5669
5670
5671
5672
5676
5677
5678
5680
5681
5687
5688
5690
5691
5694
5696
5701
5703
5704
5705
5706
5708
5713
5714
5715
5716
5722
5723
5726
5727
5728
5729
5730
5731
5732
5735
5736
5738
5739
5740
5741
5743
5744
5745
5746
5747
5748
5750
5751
5755
5759
5761
5762
5763
5766
5769
5771
5780
5782
5784
5785
5786
5788
5789
5790
5795
5797
5799
5800
5801
5803
5806
5808
5810
5811
5812
5814
5816
5818
5819
5822
5824
5825
5826
5827
5828
5829
5830
5831
5836
5839
5840
5842
5843
5844
5845
5850
5854
5857
5858
5859
5860
5864
5865
5868
5871
5872
5873
5878
5880
5881
5882
5883
5891
5893
5896
5899
5901
5905
5907
5909
5910
5911
5914
5920
5923
5927
5928
5932
5933
5935
5940
5943
5944
5945
5946
5948
5950
5951
5952
5953
5957
5959
5961
5963
5964
5965
5968
5971
5973
5974
5975
5976
5978
5979
5982
5984
5985
5987
5990
5991
5995
5996
5999
6001
6005
6006
6007
6009
6010
6012
6013
6019
6020
6021
6023
6024
6025
6026
6027
6028
6030
6031
6033
6034
6039
6042
6043
6045
6047
6050
6055
6056
6058
6059
6061
6062
6064
6067
6068
6070
6072
6074
6075
6076
6077
6078
6079
6080
6082
6083
6084
6085
6086
6088
6093
6094
6100
6105
6106
6108
6110
6114
6115
6118
6120
6122
6123
6124
6125
6128
6138
6139
6140
6142
6143
6146
6149
6156
6157
6158
6160
6162
6164
6167
6168
6169
6174
6175
6176
6177
6180
6181
6184
6187
6188
6190
6191
6193
6194
6197
6198
6200
6201
6202
6205
6208
6212
6213
6214
6217
6218
6219
6220
6222
6224
6225
6230
6231
6232
6234
6236
6242
6243
6244
6246
6247
6249
6251
6255
6256
6258
6261
6262
6265
6266
6270
6271
6274
6275
6277
6278
6279
6281
6285
6286
6287
6288
6291
6292
6293
6294
6295
6297
6299
6300
6302
6304
6306
6309
6310
6312
6313
6316
6320
6322
6324
6325
6326
6327
6328
6329
6330
6335
6338
6346
6347
6351
6352
6355
6357
6359
6360
6361
6362
6363
6367
6371
6372
6374
6375
6377
6378
6384
6385
6387
6391
6392
6395
6397
6403
6404
6406
6409
6412
6413
6416
6418
6419
6420
6422
6423
6424
6425
6426
6427
6428
6429
6430
6432
6437
6439
6440
6441
6443
6445
6446
6451
6455
6456
6457
6462
6465
6472
6473
6474
6476
6477
6478
6481
6482
6483
6485
6486
6489
6491
6492
6493
6496
6497
6499
6500
6501
6502
6503
6507
6508
6510
6511
6512
6515
6516
6518
6519
6520
6521
6523
6524
6525
6529
6530
6532
6533
6534
6536
6538
6539
6542
6544
6545
6546
6548
6552
6553
6555
6556
6557
6558
6559
6560
6561
6564
6567
6570
6572
6575
6576
6577
6578
6580
6581
6582
6583
6584
6586
6591
6593
6595
6596
6599
6601
6602
6603
6606
6609
6610
6612
6614
6615
6616
6617
6618
6621
6622
6624
6628
6630
6633
6634
6635
6639
6640
6643
6647
6648
6650
6652
6653
6654
6655
6658
6659
6660
6664
6665
6670
6672
6673
6676
6677
6682
6683
6684
6685
6686
6687
6689
6692
6695
6696
6698
6701
6702
6703
6708
6711
6712
6713
6714
6716
6717
6718
6719
6728
6730
6733
6734
6735
6740
6741
6742
6743
6745
6746
6747
6749
6754
6756
6757
6759
6764
6765
6768
6769
6770
6772
6773
6774
6777
6778
6779
6780
6781
6783
6785
6786
6788
6790
6793
6794
6795
6796
6797
6799
6801
6802
6803
6805
6806
6807
6809
6810
6812
6813
6814
6818
6819
6822
6824
6826
6828
6830
6832
6833
6836
6838
6840
6846
6849
6850
6852
6854
6855
6856
6857
6860
6861
6863
6864
6865
6866
6871
6872
6873
6874
6876
6877
6879
6881
6884
6887
6893
6895
6896
6899
6901
6902
6904
6906
6908
6909
6915
6917
6918
6921
6922
6923
6924
6927
6929
6934
6935
6936
6938
6941
6942
6943
6947
6949
6951
6955
6956
6957
6958
6961
6964
6966
6968
6969
6971
6974
6977
6978
6979
6980
6981
6982
6984
6985
6986
6987
6989
6990
6993
6996
7000
7002
7003
7006
7008
7017
7021
7022
7023
7025
7026
7027
7029
7030
7032
7033
7036
7038
7039
7040
7043
7044
7047
7049
7050
7052
7054
7055
7056
7057
7059
7062
7063
7064
7065
7067
7069
7072
7074
7077
7080
7081
7088
7089
7091
7092
7096
7101
7102
7103
7104
7105
7106
7108
7111
7112
7113
7115
7117
7119
7120
7121
7122
7124
7125
7127
7128
7130
7132
7134
7136
7137
7138
7143
7146
7148
7149
7150
7151
7153
7154
7155
7158
7160
7165
7167
7168
7169
7172
7174
7177
7178
7180
7187
7188
7190
7191
7192
7193
7198
7200
7203
7206
7208
7211
7212
7213
7215
7216
7219
7222
7223
7224
7225
7228
7229
7230
7231
7232
7235
7236
7237
7240
7244
7245
7247
7250
7251
7253
7254
7256
7258
7259
7260
7264
7265
7267
7272
7273
7275
7276
7278
7282
7283
7284
7285
7286
7289
7292
7294
7295
7297
7298
7299
7304
7306
7309
7310
7312
7313
7316
7318
7320
7323
7326
7327
7328
7329
7330
7331
7332
7334
7336
7337
7338
7339
7340
7350
7351
7353
7356
7361
7363
7364
7365
7367
7368
7370
7374
7375
7376
7378
7379
7381
7382
7383
7384
7385
7387
7388
7390
7392
7394
7397
7398
7402
7403
7405
7407
7410
7411
7412
7413
7415
7417
7418
7420
7421
7422
7423
7424
7425
7426
7427
7428
7429
7430
7433
7435
7437
7438
7440
7442
7443
7444
7445
7448
7449
7450
7454
7455
7457
7458
7459
7462
7463
7469
7470
7471
7472
7473
7475
7477
7478
7481
7482
7483
7484
7485
7488
7497
7498
7500
7503
7504
7505
7507
7509
7513
7516
7517
7518
7521
7524
7532
7534
7535
7536
7537
7539
7540
7541
7544
7547
7549
7550
7551
7552
7553
7559
7562
7566
7567
7568
7570
7572
7573
7575
7581
7584
7590
7592
7593
7594
7595
7596
7597
7601
7602
7603
7605
7606
7607
7608
7612
7613
7615
7616
7617
7619
7620
7623
7624
7627
7629
7631
7634
7635
7638
7640
7641
7649
7650
7652
7653
7654
7658
7663
7665
7667
7669
7671
7674
7675
7676
7677
7678
7680
7682
7683
7684
7685
7687
7688
7691
7693
7696
7697
7699
7700
7703
7705
7707
7708
7710
7711
7712
7714
7715
7716
7717
7718
7720
7722
7725
7726
7727
7728
7729
7731
7733
7734
7736
7738
7740
7742
7743
7744
7752
7755
7757
7759
7761
7762
7763
7764
7765
7766
7770
7771
7772
7773
7776
7777
7778
7779
7788
7790
7792
7793
7794
7796
7798
7799
7800
7802
7805
7807
7809
7811
7817
7819
7823
7825
7827
7828
7829
7830
7831
7833
7838
7839
7840
7842
7843
7844
7847
7850
7852
7854
7855
7856
7857
7864
7865
7866
7868
7871
7873
7874
7876
7877
7878
7880
7881
7885
7889
7890
7891
7892
7893
7894
7899
7903
7904
7907
7908
7909
7912
7913
7914
7915
7916
7919
7920
7923
7924
7931
7932
7933
7934
7936
7937
7939
7941
7944
7945
7949
7951
7953
7956
7959
7961
7962
7966
7967
7969
7970
7971
7975
7977
7978
7980
7985
7989
7990
7993
7994
7998
8000
8002
8003
8004
8005
8008
8011
8012
8017
8019
8020
8023
8025
8028
8029
8031
8033
8034
8040
8042
8043
8045
8046
8047
8048
8049
8057
8058
8059
8060
8062
8064
8066
8068
8072
8078
8081
8083
8086
8087
8088
8090
8091
8093
8094
8096
8097
8098
8099
8100
8101
8105
8106
8108
8109
8111
8112
8113
8116
8118
8120
8122
8130
8131
8133
8135
8137
8138
8139
8140
8143
8144
8145
8146
8147
8153
8154
8155
8158
8160
8161
8162
8165
8166
8169
8170
8171
8172
8175
8176
8181
8182
8184
8186
8187
8188
8191
8193
8196
8198
8200
8205
8207
8209
8210
8212
8214
8216
8217
8220
8223
8225
8230
8234
8236
8237
8238
8241
8242
8247
8249
8250
8252
8253
8255
8256
8257
8258
8260
8261
8262
8263
8264
8265
8266
8267
8269
8271
8272
8273
8274
8276
8277
8280
8282
8284
8286
8289
8291
8292
8295
8297
8299
8300
8301
8302
8307
8308
8309
8310
8312
8313
8314
8316
8317
8320
8321
8323
8325
8326
8328
8330
8333
8338
8339
8343
8344
8347
8348
8349
8350
8352
8353
8357
8359
8360
8361
8363
8365
8366
8371
8372
8373
8374
8379
8380
8381
8382
8383
8384
8385
8389
8390
8391
8392
8396
8398
8399
8401
8402
8408
8409
8413
8414
8415
8416
8418
8419
8420
8425
8427
8429
8430
8431
8432
8436
8437
8441
8442
8443
8445
8446
8449
8455
8457
8458
8459
8460
8461
8463
8465
8466
8467
8468
8469
8476
8479
8483
8485
8486
8487
8488
8492
8494
8495
8497
8499
8501
8504
8506
8507
8508
8509
8510
8513
8514
8518
8519
8521
8522
8523
8524
8526
8527
8532
8533
8534
8535
8536
8537
8539
8540
8541
8544
8549
8550
8552
8553
8556
8557
8561
8562
8564
8565
8569
8571
8572
8573
8574
8575
8577
8581
8583
8584
8586
8589
8591
8593
8594
8596
8598
8599
8602
8605
8606
8607
8610
8613
8614
8615
8617
8618
8619
8624
8626
8627
8628
8630
8632
8634
8640
8642
8643
8647
8648
8649
8650
8652
8653
8657
8659
8660
8661
8663
8664
8665
8667
8669
8670
8675
8676
8681
8682
8684
8685
8687
8688
8689
8690
8691
8692
8693
8694
8696
8697
8698
8702
8703
8705
8706
8710
8712
8713
8714
8718
8719
8720
8724
8728
8731
8738
8739
8744
8746
8748
8753
8755
8756
8757
8758
8759
8761
8762
8763
8765
8766
8768
8771
8773
8775
8776
8778
8780
8781
8784
8785
8786
8787
8788
8789
8791
8792
8794
8795
8797
8799
8803
8805
8807
8808
8810
8811
8815
8817
8820
8822
8823
8825
8828
8829
8831
8833
8834
8836
8840
8842
8847
8851
8853
8855
8856
8861
8862
8863
8864
8866
8868
8869
8870
8874
8875
8877
8880
8881
8882
8884
8885
8886
8887
8888
8889
8892
8894
8895
8896
8898
8899
8902
8903
8905
8910
8912
8914
8915
8916
8918
8919
8921
8923
8924
8933
8940
8941
8942
8943
8949
8950
8951
8953
8954
8956
8958
8959
8962
8964
8965
8966
8967
8970
8971
8972
8979
8982
8985
8986
8987
8991
8992
8993
8996
8997
8998
8999
9002
9003
9006
9010
9013
9016
9017
9018
9019
9020
9024
9025
9026
9028
9029
9033
9038
9042
9043
9044
9045
9048
9050
9051
9052
9053
9055
9056
9057
9061
9063
9066
9069
9070
9074
9077
9078
9079
9080
9082
9083
9084
9085
9092
9093
9094
9097
9098
9099
9101
9102
9103
9104
9107
9109
9110
9114
9115
9116
9118
9119
9120
9121
9122
9123
9124
9126
9127
9129
9133
9134
9137
9138
9143
9144
9147
9148
9152
9153
9154
9156
9157
9158
9165
9166
9168
9169
9170
9171
9173
9174
9175
9181
9182
9184
9186
9187
9190
9193
9194
9195
9196
9198
9199
9202
9203
9204
9206
9207
9209
9211
9214
9217
9218
9219
9223
9226
9227
9228
9230
9232
9233
9235
9238
9239
9246
9248
9249
9252
9253
9254
9258
9260
9261
9263
9264
9265
9267
9268
9271
9274
9275
9276
9277
9278
9280
9281
9282
9283
9284
9287
9288
9291
9292
9295
9296
9297
9298
9299
9300
9301
9303
9304
9305
9306
9308
9309
9310
9311
9312
9314
9317
9319
9320
9321
9322
9323
9324
9326
9327
9328
9329
9331
9332
9335
9336
9342
9345
9346
9349
9350
9351
9354
9355
9359
9360
9362
9363
9364
9366
9367
9369
9370
9372
9374
9377
9379
9382
9383
9384
9385
9386
9388
9392
9393
9394
9395
9402
9403
9405
9408
9409
9415
9416
9417
9419
9421
9427
9429
9430
9432
9433
9437
9444
9448
9449
9451
9452
9453
9456
9457
9458
9460
9461
9465
9469
9470
9471
9472
9473
9474
9475
9478
9479
9480
9482
9485
9486
9487
9489
9490
9491
9492
9494
9496
9497
9498
9499
9502
9503
9505
9507
9508
9509
9511
9514
9517
9518
9519
9522
9523
9526
9528
9530
9534
9536
9537
9540
9541
9542
9546
9548
9549
9554
9555
9559
9560
9563
9566
9567
9568
9569
9571
9573
9574
9577
9582
9584
9588
9591
9592
9593
9594
9595
9597
9598
9601
9602
9606
9612
9614
9615
9618
9619
9620
9621
9622
9625
9626
9627
9628
9631
9632
9634
9636
9639
9641
9643
9644
9650
9653
9656
9664
9665
9666
9667
9668
9669
9670
9672
9673
9674
9675
9679
9681
9682
9684
9691
9692
9693
9694
9695
9697
9701
9704
9706
9707
9710
9711
9712
9713
9714
9715
9717
9718
9722
9723
9731
9732
9735
9738
9740
9741
9742
9748
9750
9751
9752
9753
9754
9756
9758
9759
9762
9765
9766
9769
9770
9773
9774
9775
9780
9784
9786
9790
9792
9793
9796
9799
9801
9802
9803
9807
9809
9811
9812
9813
9817
9819
9824
9825
9827
9828
9829
9835
9836
9837
9838
9839
9842
9844
9848
9849
9852
9857
9860
9861
9863
9868
9871
9875
9876
9878
9880
9882
9884
9888
9889
9891
9892
9893
9894
9896
9897
9900
9901
9902
9903
9904
9909
9912
9914
9916
9919
9924
9929
9931
9932
9934
9935
9936
9938
9941
9942
9944
9945
9946
9949
9953
9954
9957
9958
9960
9962
9964
9965
9968
9969
9971
9972
9975
9977
9980
9981
9982
9983
9984
9985
9987
9990
9994
10003
10004
10006
10007
10008
10011
10013
10014
10015
10019
10022
10023
10024
10030
10033
10036
10039
10041
10042
10043
10044
10045
10046
10047
10050
10054
10055
10056
10057
10059
10060
10063
10068
10069
10070
10075
10077
10081
10087
10088
10089
10092
10093
10095
10101
10104
10108
10109
10110
10111
10117
10119
10122
10124
10126
10128
10129
10130
10132
10133
10138
10139
10141
10143
10144
10145
10148
10151
10152
10153
10155
10156
10157
10161
10162
10164
10165
10166
10173
10174
10176
10178
10180
10181
10182
10187
10189
10190
10193
10196
10197
10201
10202
10203
10204
10205
10206
10207
10216
10217
10218
10219
10222
10223
10225
10240
10241
10242
10243
10244
10247
10248
10249
10251
10254
10257
10258
10260
10261
10263
10264
10265
10266
10267
10268
10269
10272
10275
10277
10278
10283
10286
10287
10288
10290
10291
10294
10295
10296
10298
10299
10300
10301
10309
10310
10311
10312
10313
10317
10318
10319
10320
10321
10323
10327
10329
10330
10331
10332
10333
10335
10336
10337
10338
10339
10340
10341
10342
10344
10346
10348
10349
10350
10353
10354
10357
10360
10366
10367
10369
10371
10373
10374
10377
10379
10381
10382
10383
10385
10387
10397
10399
10402
10407
10408
10409
10413
10415
10416
10417
10420
10421
10423
10428
10429
10430
10431
10434
10436
10438
10443
10445
10449
10451
10453
10454
10457
10459
10465
10466
10467
10468
10472
10473
10475
10478
10479
10481
10483
10485
10486
10487
10488
10489
10490
10491
10495
10496
10497
10498
10502
10504
10505
10508
10509
10512
10513
10514
10516
10518
10520
10522
10523
10524
10527
10528
10529
10531
10532
10533
10535
10538
10541
10542
10543
10546
10547
10548
10550
10552
10554
10555
10561
10562
10566
10567
10568
10569
10570
10574
10575
10576
10577
10582
10583
10585
10586
10587
10591
10592
10593
10595
10596
10600
10601
10602
10604
10605
10607
10608
10611
10612
10614
10615
10619
10620
10622
10624
10625
10627
10628
10629
10631
10634
10636
10638
10641
10642
10643
10645
10648
10649
10650
10651
10654
10656
10658
10659
10665
10666
10668
10672
10673
10674
10676
10677
10678
10679
10681
10682
10684
10685
10686
10687
10688
10692
10696
10699
10700
10701
10702
10703
10708
10710
10711
10715
10717
10718
10719
10720
10721
10727
10728
10729
10730
10731
10733
10737
10739
10741
10742
10746
10748
10750
10751
10756
10758
10760
10761
10764
10766
10768
10769
10771
10772
10774
10775
10776
10779
10780
10784
10788
10789
10791
10792
10793
10794
10800
10801
10803
10804
10809
10811
10812
10813
10814
10815
10818
10820
10821
10822
10826
10827
10828
10829
10830
10833
10835
10836
10839
10841
10842
10843
10844
10845
10846
10849
10850
10854
10858
10859
10860
10861
10862
10863
10864
10866
10867
10869
10870
10871
10873
10874
10875
10877
10878
10882
10884
10885
10886
10889
10891
10893
10894
10895
10896
10897
10898
10899
10900
10901
10902
10904
10905
10906
10907
10910
10911
10919
10920
10921
10922
10923
10924
10925
10927
10928
10931
10932
10934
10939
10940
10941
10945
10948
10950
10951
10953
10955
10956
10957
10959
10960
10962
10964
10965
10966
10969
10974
10976
10977
10980
10982
10983
10984
10990
10996
10999
11001
11002
11004
11005
11008
11009
11010
11012
11014
11015
11017
11019
11022
11023
11025
11028
11029
11031
11033
11034
11035
11036
11040
11043
11044
11045
11048
11049
11050
11052
11054
11055
11058
11059
11062
11063
11064
11067
11068
11071
11072
11073
11074
11076
11077
11082
11088
11094
11096
11098
11099
11100
11101
11102
11103
11104
11105
11106
11108
11109
11110
11111
11112
11115
11119
11120
11121
11125
11129
11130
11131
11132
11134
11135
11136
11139
11140
11141
11142
11149
11150
11151
11156
11157
11159
11161
11162
11163
11164
11165
11172
11173
11175
11176
11177
11180
11181
11183
11184
11185
11187
11189
11193
11198
11199
11203
11205
11206
11207
11208
11210
11215
11216
11217
11220
11221
11222
11224
11225
11228
11230
11231
11233
11236
11239
11241
11242
11243
11244
11245
11246
11249
11252
11253
11256
11258
11259
11261
11262
11263
11264
11266
11270
11271
11272
11276
11277
11279
11281
11282
11283
11284
11285
11288
11289
11290
11293
11295
11297
11306
11307
11315
11316
11317
11321
11322
11324
11326
11328
11329
11330
11334
11335
11336
11337
11339
11341
11346
11347
11349
11351
11353
11354
11355
11358
11359
11360
11361
11362
11364
11368
11369
11371
11375
11379
11382
11391
11392
11396
11397
11398
11399
11402
11403
11404
11409
11410
11411
11414
11415
11416
11417
11418
11422
11423
11425
11427
11428
11430
11431
11435
11436
11439
11440
11443
11444
11445
11446
11450
11452
11453
11455
11457
11458
11460
11463
11464
11466
11468
11470
11472
11473
11475
11481
11482
11484
11486
11487
11490
11492
11493
11497
11498
11503
11504
11505
11506
11507
11509
11510
11511
11512
11513
11514
11515
11516
11518
11519
11520
11522
11523
11525
11526
11527
11528
11531
11532
11533
11535
11536
11537
11538
11540
11541
11542
11543
11544
11548
11549
11552
11553
11554
11555
11556
11557
11558
11560
11561
11563
11564
11565
11567
11569
11573
11576
11578
11579
11580
11581
11582
11585
11588
11589
11592
11593
11595
11598
11601
11603
11604
11605
11607
11608
11610
11611
11612
11614
11616
11617
11619
11620
11623
11625
11626
11627
11629
11630
11631
11634
11635
11637
11643
11644
11647
11651
11652
11653
11657
11658
11659
11660
11666
11667
11670
11672
11673
11675
11678
11681
11683
11686
11687
11689
11691
11692
11694
11695
11696
11697
11704
11705
11706
11707
11709
11712
11713
11715
11716
11717
11718
11719
11720
11724
11725
11727
11728
11729
11731
11732
11735
11736
11740
11743
11747
11749
11750
11751
11752
11755
11756
11758
11761
11765
11770
11771
11772
11777
11778
11780
11781
11783
11785
11786
11792
11793
11796
11798
11799
11801
11803
11807
11808
11809
11814
11815
11819
11820
11824
11825
11826
11828
11829
11833
11835
11836
11841
11843
11844
11846
11847
11849
11850
11851
11852
11853
11854
11856
11859
11860
11861
11863
11864
11865
11869
11871
11873
11874
11876
11877
11878
11879
11880
11883
11886
11889
11893
11894
11899
11900
11901
11902
11903
11904
11907
11908
11910
11911
11915
11916
11924
11926
11929
11930
11932
11933
11934
11935
11937
11938
11944
11946
11947
11951
11956
11958
11961
11967
11969
11973
11976
11978
11979
11980
11981
11993
11994
11997
11999
12001
12002
12003
12004
12007
12008
12009
12010
12012
12014
12015
12016
12017
12022
12023
12024
12026
12030
12031
12033
12035
12038
12040
12041
12042
12045
12046
12051
12053
12055
12057
12058
12059
12060
12061
12064
12065
12066
12067
12068
12069
12070
12071
12074
12076
12079
12080
12083
12084
12086
12090
12091
12094
12097
12098
12099
12100
12103
12104
12106
12107
12112
12113
12114
12115
12117
12118
12119
12122
12123
12128
12129
12130
12134
12139
12142
12144
12145
12146
12147
12148
12149
12150
12152
12153
12154
12155
12156
12158
12159
12161
12162
12164
12165
12166
12168
12172
12174
12178
12179
12180
12181
12184
12186
12187
12191
12196
12198
12203
12205
12206
12207
12208
12209
12210
12211
12212
12217
12219
12224
12225
12226
12227
12228
12229
12231
12232
12236
12237
12238
12239
12240
12241
12242
12245
12246
12249
12251
12253
12254
12258
12259
12261
12264
12270
12275
12277
12280
12281
12282
12284
12285
12287
12288
12289
12290
12294
12295
12296
12297
12298
12299
12303
12304
12305
12307
12308
12311
12313
12317
12318
12319
12320
12322
12329
12332
12335
12336
12337
12338
12339
12341
12342
12344
12346
12349
12350
12352
12354
12356
12357
12358
12359
12361
12362
12363
12364
12366
12368
12369
12376
12377
12378
12379
12383
12384
12387
12388
12389
12392
12393
12396
12398
12399
12401
399
0
1
2
3
4
5
6
7
8
9
10
11
12
13
14
15
16
17
18
19
20
21
22
23
24
25
26
27
28
29
30
31
32
33
34
35
36
37
38
39
40
41
42
43
44
45
46
47
48
49
50
51
52
53
54
55
56
57
58
59
60
61
62
63
64
65
66
67
68
69
70
71
72
73
74
75
76
77
78
79
80
81
82
83
84
85
86
87
88
89
90
91
92
93
96
97
98
99
100
101
102
103
104
105
106
107
108
109
110
111
112
113
114
117
118
119
120
121
122
123
124
125
126
127
128
129
130
131
132
133
134
136
137
138
139
140
141
142
143
144
145
146
147
148
149
150
151
152
153
154
155
156
157
158
159
160
161
162
163
164
165
166
167
168
169
170
171
172
173
174
175
176
177
178
179
181
182
183
184
185
186
187
188
189
190
191
192
193
194
195
196
197
198
199
200
201
202
203
204
205
206
207
208
209
211
212
213
214
215
216
217
218
219
220
221
222
223
224
225
226
227
228
229
230
232
233
234
235
236
237
238
239
240
241
242
243
244
245
246
247
248
249
250
251
252
253
254
255
256
257
258
259
260
262
263
264
265
266
267
268
269
270
271
272
273
274
275
276
277
278
279
280
282
283
284
285
286
287
288
289
290
291
292
293
294
295
296
297
298
299
300
301
302
303
304
305
306
307
308
309
310
311
312
313
314
315
316
317
318
319
320
321
322
323
324
325
326
327
328
329
330
331
332
333
334
335
336
337
338
339
340
341
342
343
344
345
346
347
348
349
350
351
352
353
354
355
356
359
360
361
362
363
364
365
366
367
368
369
370
371
372
373
374
375
376
377
378
379
380
381
382
383
384
385
386
387
388
389
390
391
392
393
394
395
396
397
398
399
400
401
402
403
404
405
406
407
408
409
412
