2173
0
4096
4100
5
6
4108
13
4111
17
18
4115
4117
4118
23
4122
28
29
4128
4129
4132
41
4137
4138
4139
4141
4145
4148
4149
4152
4155
4156
63
4159
64
4164
4165
4167
4171
76
4172
4174
4177
82
4178
4179
4181
90
4187
4188
94
96
98
99
4199
4202
107
4204
4205
4210
114
116
4213
117
4214
119
4216
120
4217
129
130
4228
132
4237
142
4239
4240
145
4245
149
151
152
4249
154
4251
4252
156
4253
4254
161
162
4259
4261
167
4264
171
4270
175
4275
180
181
4278
183
184
185
4281
190
4287
192
193
194
4294
198
201
4297
4298
4301
208
4304
4309
213
215
220
221
4323
229
231
4328
4329
233
4330
237
4334
238
4335
4341
246
4344
4345
251
254
4350
4351
256
4354
259
4357
4361
269
4370
274
4371
4374
4375
4376
281
4377
4378
284
4381
4383
4385
290
4388
294
295
4396
302
303
304
4400
307
4404
309
4406
314
315
4412
4413
318
320
4416
4419
4420
325
4423
327
328
4424
4425
4426
331
4428
4429
334
4432
4434
341
4442
346
347
349
4446
354
356
4453
357
360
361
4459
364
4461
366
369
4467
372
4469
375
376
377
4475
4477
4480
4484
388
4486
390
4489
4491
4493
399
401
4501
4503
4505
409
410
4508
412
414
415
4514
4515
4520
425
4522
4523
4524
4526
4528
434
435
436
439
4535
4538
4539
4541
445
449
456
4553
460
4558
4561
466
467
469
4565
4566
473
475
476
477
479
482
484
4581
4582
489
4586
4589
4591
4594
498
499
4596
502
506
4603
508
4604
509
4605
512
514
515
4611
4615
4616
522
4618
4619
4620
4623
529
4626
4628
4629
537
4634
539
4636
4644
4645
4647
552
4648
4649
553
555
4653
4654
562
4659
564
4660
4661
4665
570
573
574
4672
4674
4675
4677
581
582
4680
586
587
589
4686
591
4689
593
594
595
4691
4693
598
599
4696
600
4698
4704
609
4705
4706
612
617
619
4715
4717
622
623
4720
627
4724
630
4726
631
4728
633
635
4731
4732
636
639
4735
4736
4738
4740
644
4741
647
4745
649
4747
651
653
4755
4756
660
661
4758
663
4763
669
4766
670
4767
673
674
4770
676
4772
4775
4779
685
4782
691
4789
694
697
704
705
4801
4804
709
4807
4809
714
4811
716
4816
722
725
726
728
4826
4827
4829
736
4832
4835
4837
4838
4839
746
4843
4845
751
753
754
4850
755
4851
4852
757
4855
4856
762
4872
776
4873
778
4874
4875
782
783
785
4882
788
4885
793
4890
796
797
4898
802
4903
808
4907
4912
4913
822
4920
4921
829
4928
4929
4930
837
4935
4939
4942
847
858
4956
862
4959
866
4962
4964
4965
869
871
4967
4969
874
4972
4974
880
881
883
4979
885
888
4985
893
894
4992
897
898
902
903
5000
906
907
5005
910
911
914
920
923
5025
930
5028
935
5032
938
5038
5042
948
5044
949
5048
5049
5051
955
957
958
5054
5055
5056
960
5064
969
5066
972
973
975
976
5074
978
5079
986
5086
991
5087
5088
5091
998
5095
999
1000
5096
1002
5101
5102
1008
5105
5106
5107
5109
5110
5111
5116
1027
5127
1031
5128
1033
5131
1038
5134
1039
1040
5136
5137
5140
1047
5144
5145
1050
5149
5152
5153
1058
5156
1062
1063
1064
1066
5164
1071
5169
5171
1075
5173
5174
1078
5175
5176
1080
1081
5178
1082
1083
1085
1086
5187
1092
1093
1095
5191
1097
5193
1103
5202
1108
1112
5208
5209
5210
5212
1116
5215
1120
5216
5217
5221
5222
1129
1130
5228
5230
1136
1137
1140
5236
1142
5238
1143
1146
1147
1148
5245
1151
5248
5250
1158
1161
5258
5259
1164
5261
1168
5266
1172
5268
5271
5272
1178
5275
1180
1182
5278
1183
1184
1187
1188
1190
5287
1192
5289
1194
1195
1199
5298
5299
1205
1207
1208
5304
1210
5307
1213
1214
5312
5315
1219
1220
5316
1221
1223
5322
1226
1227
1228
1229
1230
5326
5327
1232
1233
1236
1237
5333
5334
1240
1242
5338
5341
5343
1249
5346
1251
5348
1253
5350
5351
5353
5354
5357
5361
5363
1269
1270
5367
1272
5377
5379
1285
1286
5382
5383
5385
5388
1296
5393
1298
1299
5395
1300
1301
1304
1309
1310
5407
5408
1312
1315
5411
5414
5415
5420
1329
5427
1332
5429
1333
5432
1344
1346
1347
5444
1348
5445
1350
5449
1353
5452
5454
1358
1359
5456
5457
1363
5459
1365
5463
1371
1377
5475
1382
5480
1385
5483
1391
5491
5492
5496
1400
5497
5498
1402
5499
5500
1409
5505
5506
5507
1413
1414
5511
1416
1418
1420
5516
5517
5519
1426
1427
5524
1429
5531
5532
5533
5536
1441
1442
1443
5539
5545
1454
5551
5556
1461
5560
1464
5561
1467
1471
5569
1473
1474
1475
1477
5574
1479
1480
5578
5579
1485
5586
1490
1491
5593
1497
5594
5595
5598
5601
5603
5606
1513
5610
5613
5614
1519
5615
1522
5618
1527
5623
1529
5629
5631
1535
1536
1539
5635
1542
1543
5642
1548
5644
1550
5646
1552
5648
5651
5652
5654
1563
1564
1565
5662
1570
1573
1574
5671
1576
5673
5675
5678
1582
5680
5681
1589
1593
5689
1595
5692
1596
5693
5695
5698
1605
1606
5703
1608
5704
5707
1611
5711
1615
1617
5715
1620
1622
5718
5719
5721
1625
1626
5723
1627
1628
5726
1634
5731
5732
1637
5734
5736
1640
1641
5739
5743
5747
5752
1656
5754
1659
5756
1661
5759
5761
5762
5764
5765
1670
1672
1675
5772
5774
1681
1683
1684
5782
5783
1687
1689
5788
5792
1697
1699
5798
1702
5799
1704
1705
1706
5803
1707
5805
1712
5808
5810
1715
5811
1719
1722
5819
1724
5821
1727
1731
5827
1734
5831
1738
1739
1741
5838
5843
1748
1749
5845
1753
5849
1755
1756
1759
5855
5856
5858
1762
5863
1768
5865
1769
1770
5870
1776
1777
1780
5880
5881
1786
1790
5888
1795
5892
1798
1801
5898
1803
5900
5902
1810
5907
5910
1816
5913
1818
5916
5918
1824
5921
5922
5923
5924
1831
1832
5931
1836
1839
5939
1846
5945
5948
1852
1853
5951
1858
5955
1859
5956
5960
5962
5963
5964
5965
1870
1872
5968
1875
5972
1880
5978
1883
5979
5981
1885
1890
5987
1891
1892
5991
1899
1900
5999
6000
1905
6003
1907
1908
1909
6007
1911
6010
6012
6014
6015
6017
6019
1925
1927
1929
6027
1932
6028
6032
1936
6035
1939
6039
6040
6042
1951
6048
1954
6051
6052
1957
1958
1960
1961
1962
6060
1965
1967
6063
1968
1969
6065
1970
6066
6067
1973
1975
6074
6080
6083
6084
6086
1991
6088
1994
1995
1997
1998
6094
2002
6100
2009
6106
2011
2012
6112
2017
2019
2020
6116
2021
6119
6121
6123
6124
2028
2031
6128
6129
2034
2037
6134
2039
2041
2045
6142
2048
6145
2050
6146
2051
6148
2052
6150
2055
6151
6152
2057
2058
6157
2062
6163
6164
2069
6166
2071
2072
2074
6173
2078
2081
2082
6180
6185
6186
2090
2091
6187
2092
6188
6189
2096
2097
6194
6198
2107
6204
2109
6205
6206
2112
6208
2115
2116
6214
6215
2121
2122
2125
6222
2126
2127
6224
2128
6225
6227
6228
6233
2138
2144
6241
2145
6242
6243
2147
2149
2153
6251
2159
6255
2162
6259
6262
6263
2167
2168
6264
6265
6266
6267
2172
6268
6270
2176
2177
2180
6278
2182
2183
6280
2185
2188
2190
6286
2192
6290
2198
6294
2200
6298
2202
6299
2204
6304
2209
2212
6308
2214
6311
2217
6316
2220
2221
6318
2223
6320
6322
6323
6325
2230
6326
2234
6332
2237
6333
6334
6338
6339
2246
6342
2247
2248
6345
6346
2251
2252
2254
6352
2257
6354
2259
2260
2261
2264
2266
6365
2269
2270
6367
6369
6372
2277
2280
6376
6377
2283
2284
2285
6381
2286
6383
6384
2289
2294
6393
6395
6397
2301
2302
2304
6400
2306
6403
2308
6404
6406
6408
6416
2320
2324
6422
2329
2334
2335
6432
6433
2337
6437
2342
6441
2345
6442
2348
2351
2353
6449
2354
6450
2356
6453
2358
6455
2360
2364
6460
2367
6463
6464
2370
6467
2374
2375
2377
6481
6482
6483
6485
6493
2398
6494
6496
6497
2402
6500
2404
2408
2409
2410
2411
6508
2412
2413
6509
2414
6511
6513
6514
2419
6515
6516
2421
2423
6519
2424
6523
2428
6524
6526
6527
6530
2438
6536
2442
2447
2449
2452
6548
6551
6552
2458
6556
2461
6558
6559
2464
6560
6564
6565
6567
2473
2476
2478
6578
6582
6585
6587
2492
6589
6590
2497
6593
6595
6596
2502
6598
2505
2506
6603
2507
6604
2509
6612
2516
6616
2525
6621
6622
6624
6625
2531
6627
2535
2538
6636
6639
2544
6640
6642
2547
6645
6646
2551
2552
6650
6651
2556
6654
6655
2560
6657
6658
2564
2566
6664
6666
2570
6670
2574
2577
2578
2580
6677
2582
2586
6682
2589
6689
6690
2594
2595
2597
6696
2600
2604
2605
6701
6705
2611
6707
6710
2614
2616
2617
6714
2618
2619
2620
6718
2623
2624
6722
6723
6724
2629
6725
2631
6729
2636
6734
2638
2640
6737
6748
6753
2657
6754
6756
2661
2662
2664
6761
2666
2667
2668
6765
6766
6767
2671
2672
2675
2678
2680
6776
6777
2682
2685
2686
6784
2689
6787
2694
6791
2696
6792
2700
6797
2702
2704
6804
2708
6805
2711
2712
6809
2713
6810
2715
2716
2718
6814
6817
6818
6819
6826
6829
2734
2738
2739
6836
2742
2744
6841
2746
6843
6846
2752
6852
6853
6859
2765
2770
6868
6869
2773
6871
2776
2777
6875
2779
2783
2786
2788
2790
6888
2795
6893
2799
6895
6896
6898
2803
2804
2807
2808
6905
2810
2811
6907
6913
6914
2820
6916
6917
6919
2824
6920
6922
2826
6925
2831
6929
2834
2836
6934
6935
2842
6938
6939
2846
2847
2852
2853
6950
2855
6951
6952
2856
2861
6957
6958
2862
2864
6960
2866
6962
6963
2869
2871
6967
2874
6971
2876
6972
2879
2882
6980
2887
2888
2890
6987
2893
6990
6991
6992
2900
2901
6998
2902
7000
2909
7005
7007
7009
2914
7016
7017
2925
2926
2932
2933
2934
7032
2937
7034
2938
2939
2940
2941
2943
2944
7041
2946
7044
2948
2950
7047
2954
2956
7054
2959
7056
7058
2963
2964
7063
2967
7065
7068
7075
2980
2983
2985
2993
7089
2998
7095
3000
7096
7098
7100
7102
7103
3007
3009
3010
7107
7108
3013
3014
7114
3018
3020
3023
7121
7122
7123
3029
7125
7126
3030
3032
3033
7133
7134
7135
3042
3045
3047
3048
3050
3053
7150
3055
7158
7159
3067
7163
3070
3071
7167
3073
3074
7174
3078
7175
7176
7177
3082
3083
3087
3089
7188
3092
3093
7190
7191
3098
7194
7196
7198
7199
3105
7203
3108
3109
7206
7209
3114
7211
3115
3116
7218
3123
3125
7223
7225
3129
3131
7229
3133
3134
3136
7233
3137
7235
7238
7239
7240
3145
7242
3148
7250
3157
7254
3160
7258
7259
7262
3167
3168
7265
7266
3171
7267
7268
7270
7272
3177
7278
3183
3186
7283
3192
7290
7291
7294
3198
3201
7299
3203
7300
3204
3205
7306
7308
3213
3215
7312
7320
3225
3229
7326
3231
3232
7329
3234
7330
7331
3235
3236
7333
3243
7340
3244
3245
3247
7344
3249
3251
3252
3253
3255
7352
7354
3262
3263
7360
3265
3268
7365
3272
3273
3275
3285
3287
3292
3293
3300
3306
3307
3308
3309
3310
3317
3321
3322
3330
3335
3338
3341
3342
3349
3350
3351
3353
3357
3360
3364
3370
3378
3379
3380
3385
3389
3391
3397
3400
3409
3411
3412
3417
3421
3425
3428
3429
3430
3432
3433
3434
3435
3436
3438
3439
3443
3448
3456
3460
3467
3472
3475
3476
3483
3484
3491
3494
3496
3497
3498
3503
3513
3514
3519
3525
3528
3529
3533
3536
3539
3543
3545
3546
3549
3552
3560
3562
3565
3566
3569
3573
3574
3575
3585
3587
3588
3590
3591
3593
3594
3596
3597
3607
3609
3612
3620
3621
3624
3629
3630
3638
3639
3641
3642
3644
3646
3647
3648
3651
3652
3654
3656
3658
3659
3660
3662
3670
3687
3689
3691
3702
3703
3704
3711
3715
3719
3720
3721
3723
3730
3731
3735
3741
3745
3746
3749
3757
3766
3767
3768
3771
3773
3779
3780
3781
3783
3788
3792
3798
3803
3805
3810
3812
3813
3815
3819
3822
3825
3826
3829
3837
3842
3845
3850
3851
3855
3857
3858
3860
3861
3865
3869
3870
3872
3873
3877
3883
3884
3890
3891
3902
3908
3909
3919
3923
3925
3929
3933
3934
3945
3950
3956
3958
3959
3962
3963
3965
3966
3968
3969
3973
3975
3982
3987
3988
3989
3990
3995
3996
4005
4007
4010
4015
4022
4026
4028
4032
4033
4034
4035
4039
4042
4044
4047
4048
4054
4055
4056
4064
4067
4068
4072
4075
4077
4079
4080
4085
4088
331
0
1
2
3
4
5
6
7
9
10
11
12
13
14
16
17
18
19
23
24
25
26
27
28
29
30
31
32
33
34
35
38
39
41
42
43
44
45
46
50
51
52
53
54
55
56
57
58
59
61
62
63
64
66
67
68
69
71
73
74
75
76
78
79
80
81
82
83
84
85
86
87
89
90
91
92
94
95
96
97
98
99
100
101
102
103
104
105
106
107
108
109
110
111
113
115
116
117
118
119
120
121
122
123
124
125
126
128
129
130
132
134
135
136
137
138
140
141
142
143
144
145
146
147
149
150
151
153
154
157
158
160
162
163
165
166
167
168
170
171
172
173
174
176
177
178
180
181
182
183
185
186
187
188
190
191
192
193
194
195
196
197
198
199
200
201
204
206
207
208
209
210
212
213
214
215
216
217
218
219
220
221
222
226
227
229
230
231
232
233
234
236
237
238
239
240
241
242
243
244
245
246
247
249
250
251
253
254
255
256
257
258
259
260
261
262
263
264
265
267
268
269
270
271
272
273
274
276
278
279
280
281
283
284
285
286
287
288
289
290
291
292
293
294
295
296
297
300
301
303
304
305
306
308
309
310
311
312
313
314
315
316
317
318
319
320
321
323
324
325
326
327
328
329
330
331
333
334
335
336
337
338
339
340
341
342
344
346
347
348
349
350
353
355
356
357
358
359
360
361
362
363
364
366
367
368
369
370
371
372
375
376
377
378
379
380
381
382
383
384
386
387
388
390
391
392
393
394
395
396
401
