378
1025
1026
3
6
7
520
521
523
525
14
16
529
18
530
531
23
24
26
28
31
543
545
35
547
549
552
41
43
45
46
559
561
565
53
54
566
55
56
57
569
59
60
63
65
578
579
67
580
68
582
72
586
75
589
79
592
593
594
597
86
599
87
600
601
89
90
91
603
604
94
95
609
98
611
100
614
615
103
105
107
108
109
622
114
627
116
629
117
631
121
636
637
638
128
129
641
131
133
648
136
649
138
650
651
656
657
658
147
660
149
664
153
154
667
155
156
668
669
670
159
160
163
164
165
678
681
169
682
171
174
686
690
178
691
182
183
184
185
698
186
187
188
700
189
701
190
706
195
196
197
710
712
713
202
203
204
205
718
206
719
720
208
211
724
212
213
214
727
215
728
217
730
218
731
221
224
737
740
741
229
743
744
232
235
747
748
237
238
750
241
753
755
244
758
759
760
762
763
764
766
256
258
771
266
268
781
270
271
272
273
786
277
278
793
795
284
285
797
799
287
292
804
294
807
295
811
299
300
813
301
307
308
821
823
312
825
827
317
318
833
325
839
842
847
335
849
338
850
339
341
342
854
343
856
346
858
859
861
862
863
351
352
353
866
356
358
872
873
362
875
363
366
879
372
885
374
375
890
891
381
893
894
383
896
384
385
897
390
391
907
908
400
403
917
405
406
918
407
920
408
409
410
922
923
411
925
926
414
928
416
417
929
935
424
936
425
938
942
945
433
946
438
439
441
954
447
448
960
450
452
455
462
975
463
976
464
465
466
978
467
468
980
981
470
982
471
472
985
474
986
476
477
478
990
991
479
481
994
483
996
485
486
998
1002
1003
1006
1008
1010
499
1011
1012
502
1014
1016
506
507
1019
1022
259
0
1
2
3
4
5
6
8
9
10
11
13
14
15
16
18
19
20
21
22
23
25
26
27
31
32
34
35
36
37
39
40
41
42
44
45
46
47
49
50
51
53
54
55
56
58
63
64
66
68
69
71
72
73
75
76
78
79
80
82
83
84
85
87
90
91
92
93
95
96
98
99
100
101
102
104
105
109
110
111
112
113
114
115
116
117
118
119
124
126
127
128
132
133
135
136
138
139
141
142
144
146
147
148
149
151
155
156
157
158
159
160
162
163
164
167
169
170
171
172
173
175
177
179
184
185
186
188
189
190
191
192
193
194
195
197
199
200
201
202
204
205
206
207
209
212
214
215
216
217
218
219
222
223
224
225
226
227
228
229
231
234
235
236
237
238
239
241
242
243
244
245
247
248
249
251
252
254
255
258
259
261
262
263
265
268
271
274
276
277
278
279
280
282
283
284
285
286
287
289
292
293
294
295
296
297
298
299
301
303
305
306
308
310
311
312
313
314
316
318
319
320
321
322
323
324
326
327
328
331
332
333
334
336
337
338
339
340
341
343
344
347
348
349
350
351
352
356
357
358
360
361
363
365
366
370
371
372
373
