175
0
1
259
4
262
263
8
9
11
267
268
269
14
16
17
273
18
20
21
277
22
23
279
24
280
25
26
28
285
31
32
33
34
292
293
38
295
40
297
43
44
300
45
46
302
47
303
48
51
308
53
309
313
58
314
318
63
323
68
324
327
72
328
73
329
74
330
76
332
77
333
335
80
338
339
84
85
342
88
347
92
94
350
353
99
357
103
359
360
362
107
363
108
364
365
110
111
113
115
116
117
118
374
119
378
379
124
125
381
126
128
387
134
390
135
393
394
397
398
144
400
145
146
402
403
148
404
150
406
408
153
410
155
157
414
159
415
161
163
164
165
166
167
169
172
175
176
177
182
183
184
186
188
189
199
201
206
209
212
213
214
217
222
223
227
231
232
234
235
237
243
244
245
251
253
35
1
2
68
5
6
70
7
71
75
12
14
78
79
80
18
82
19
20
26
28
32
34
36
38
39
43
44
45
49
51
52
55
58
62
63
