381
512
1536
2
4
1028
5
517
6
9
524
13
1550
528
17
18
1555
1043
1046
1559
25
26
538
1053
1566
543
1055
32
1568
34
1572
548
1061
549
1574
550
1063
40
553
1577
1580
556
1069
558
1584
1586
50
1588
1078
1079
1592
56
1593
569
1594
1086
62
64
65
580
70
71
74
587
75
1103
1107
597
86
599
600
603
93
94
1122
98
99
611
100
101
102
618
107
1133
621
622
1134
110
1138
1140
630
632
1146
1148
125
1151
1152
129
1155
131
643
133
646
1161
138
139
1165
657
1170
146
659
148
1172
150
152
665
1179
1181
669
1182
1184
161
162
163
678
679
169
170
171
1196
173
1197
688
690
180
181
693
1206
183
1208
1210
1212
700
1213
703
194
1218
195
711
1226
1227
716
717
1230
718
209
1234
725
214
1238
215
727
216
1240
1241
1243
219
1244
1245
222
735
1248
224
227
1251
1252
741
229
1253
745
1261
749
750
1263
755
245
1270
247
248
250
1274
251
1277
1278
766
1279
255
1281
770
1283
260
1285
261
262
774
1289
265
780
1292
781
271
1298
1299
278
281
284
797
1310
1311
287
800
801
802
1316
295
1321
297
811
814
815
303
816
307
1331
819
1332
823
1335
311
312
314
1338
827
828
318
1346
834
326
839
328
1353
843
844
332
333
845
1357
334
848
1361
338
852
343
344
1369
345
1370
347
1372
862
1375
1379
1380
358
1382
359
1385
875
366
1391
881
371
886
1398
888
377
1401
891
892
893
894
382
1409
385
387
388
901
902
391
1416
906
1419
1421
1424
913
401
402
403
404
405
917
921
922
1434
924
925
421
934
935
1447
425
1450
426
941
431
944
1457
436
1460
1461
437
1462
951
440
953
954
1470
959
1471
1472
962
1474
1477
454
1480
456
458
971
460
973
463
1488
977
467
1492
981
469
1493
470
983
471
1497
986
990
1504
483
484
997
486
1511
1000
1003
1006
1013
501
1017
506
1530
507
1020
1021
1533
383
0
1
2
3
4
5
6
7
8
9
10
11
12
13
14
15
16
17
18
19
20
21
22
23
24
25
26
27
28
29
30
31
32
33
34
35
36
37
38
39
40
41
42
43
44
45
46
47
48
49
50
51
52
53
54
55
56
57
58
59
60
61
62
63
64
65
66
67
68
69
70
71
72
73
74
75
76
77
78
79
80
81
82
83
84
85
86
87
88
89
90
91
92
93
94
95
96
97
98
99
100
101
102
103
104
105
106
107
108
109
110
111
112
113
114
115
116
117
118
119
120
121
122
123
124
125
126
127
128
129
130
131
132
133
134
135
136
137
138
139
140
141
142
143
144
145
146
147
148
149
150
151
152
153
154
155
156
157
158
159
160
161
162
163
164
165
166
167
168
169
170
171
172
173
174
175
176
177
178
179
180
181
182
183
184
185
186
187
188
189
190
191
192
193
194
195
196
197
198
199
200
201
202
203
204
205
206
207
208
209
210
211
212
213
214
215
216
217
218
219
220
221
222
223
224
225
226
227
228
229
230
231
232
233
234
235
236
237
238
239
240
241
242
243
244
245
246
247
248
249
250
251
252
253
254
255
256
257
258
259
260
261
262
263
264
265
266
267
268
269
270
271
272
273
274
275
276
277
278
279
280
281
282
283
284
285
286
287
288
289
290
291
292
293
294
295
296
297
298
299
300
301
302
303
304
305
306
307
308
309
310
311
312
313
314
315
316
317
318
319
320
321
322
323
324
325
326
327
328
329
330
331
332
333
334
335
336
337
338
339
340
341
342
343
344
345
346
347
348
349
350
351
352
353
354
355
356
357
358
359
360
361
362
363
364
365
366
367
368
369
370
371
372
373
374
375
376
377
378
379
380
381
382
