2860
4096
1
2
4098
8194
4099
8196
5
8197
6
7
4104
8200
9
4106
8202
4108
8205
8206
4111
4112
8208
20
8212
8213
22
8218
27
4124
8220
29
8221
8222
31
8223
4128
34
4130
4131
8227
37
4133
8232
8233
42
8234
4140
8237
8238
4143
4144
4145
8242
8243
8245
55
4151
57
4153
8249
58
59
62
4159
64
4160
8256
4161
8257
8261
70
8262
4169
8265
4174
4177
4179
84
86
4182
4185
4188
8286
96
8288
4193
99
100
101
102
4200
4201
4202
4203
8299
4204
8302
4207
8303
4208
113
4209
8305
8306
115
4211
116
4212
117
4213
119
4216
8314
4220
4222
128
129
4226
8322
8324
4229
8325
136
4232
8328
4234
141
142
4238
8334
8335
144
4242
8338
8339
149
4245
8343
8344
4251
8348
8349
8350
4255
8351
4256
8352
4257
8354
164
4262
167
8360
4265
4266
8364
178
4276
8372
184
185
4283
8382
4287
4288
193
4289
195
4294
4297
202
4298
8394
4300
8396
205
4304
8400
210
4306
4307
212
8404
213
8405
214
216
8408
218
8410
221
222
223
4319
224
8416
4321
226
8418
4323
8419
8422
232
4328
4332
8428
237
4338
244
245
4341
4344
8440
8441
250
251
252
255
4352
8448
257
4353
8449
4354
259
8451
4356
261
8453
4358
263
8455
8456
4361
4363
8460
4365
270
271
8463
4368
4369
276
277
278
4374
8470
279
280
8475
4380
8476
285
4383
288
4385
4386
291
293
8486
296
4394
8490
299
300
303
4399
8495
306
307
4403
8502
311
316
4413
8511
8514
328
8522
333
8526
4432
337
4433
8529
338
4435
8531
341
4438
8534
343
346
4443
8539
348
8540
4448
353
8545
8546
356
4453
359
361
4459
365
370
4469
8566
4471
376
377
378
4475
4478
383
4479
4480
385
386
4483
388
8580
4485
391
4487
392
4488
396
4493
4494
8590
4495
400
4496
8592
402
4500
4501
4503
8599
409
4506
4507
412
415
4517
8613
424
4521
8618
8620
429
4525
4526
8622
433
4530
8628
437
8629
440
4536
441
442
4538
8634
8635
4540
446
450
8642
453
4549
4550
8646
4554
8650
459
4555
4556
8653
4558
8654
8655
464
8656
465
4563
4565
8663
4572
4573
8669
4574
480
481
484
4582
488
4586
492
493
8685
495
496
498
4595
501
4597
502
503
8698
4604
509
4605
8701
511
8703
8706
8709
4615
4616
4617
8713
4618
8714
525
4622
8718
528
4625
4628
8724
533
4629
534
535
8727
8728
8731
4636
8732
8736
4642
547
4643
8740
550
8742
552
8744
553
8745
554
8747
556
8749
4654
8750
4655
4657
8754
8756
566
567
8759
8760
4665
8761
4671
8767
577
4673
579
4675
580
8772
4678
4679
585
4682
8778
588
590
4687
594
8787
596
4692
4694
600
4696
8792
603
8795
604
608
8801
8803
4708
4709
4710
616
8810
8813
623
8815
624
4722
4723
630
4727
632
8825
635
636
4733
8831
4736
8834
644
4740
8836
4743
8841
650
8842
4747
652
4748
653
4749
8845
654
8846
4751
659
8852
663
8855
8856
665
8857
666
668
669
4765
4766
8862
673
675
676
4772
8868
679
680
683
4781
686
687
4783
8879
691
8884
693
8885
697
698
8890
8891
701
8893
702
703
4799
8895
704
4800
4801
8897
706
707
708
8900
710
4806
8902
8903
4809
715
4811
8907
716
4815
8911
8914
8915
4820
8917
726
727
728
4825
8921
8927
4832
8929
741
743
4839
8937
8938
4845
751
752
8944
753
8945
755
4851
756
4853
758
759
4855
760
4856
8952
4858
8954
8955
764
8957
768
4864
8960
4866
8962
8963
4870
8967
8971
8972
8976
787
8979
788
789
8982
8984
4890
8986
795
796
8988
4893
4899
806
8998
9001
4906
4908
4909
814
9010
821
4917
822
825
9017
828
9020
829
831
4927
833
4931
9027
9030
4936
4937
9033
843
4939
4941
4943
848
4944
9044
4949
854
856
4952
9049
9051
860
861
9053
9055
864
9056
4961
4962
867
868
9060
870
9062
871
9063
9064
873
4969
9065
4971
4973
9069
879
9071
4976
882
9074
4979
9075
884
885
9077
887
4983
4985
9081
4986
9082
892
9084
893
4990
896
4992
899
4995
900
901
903
904
5000
905
5001
9097
908
5004
9101
5006
9102
5007
9103
5011
5012
9108
5014
5018
923
5019
9115
5020
9117
5026
932
5028
933
5029
935
9130
5035
9132
941
5037
9133
5041
946
947
948
951
9143
5048
955
9148
959
5055
5056
9153
962
9154
963
9155
964
9158
5063
5064
9161
971
5067
974
9168
9169
9170
980
9172
981
5077
982
9174
9175
986
987
990
9182
9183
992
993
9187
996
5093
998
5094
999
5096
9192
5098
9194
1003
1004
5100
5102
5104
9204
5109
1015
9209
1020
5116
9212
1028
1030
5128
9225
5130
9226
1035
5131
1036
1037
5135
1040
1042
9234
1044
5141
9239
9240
1049
5145
9242
9245
1055
9247
5152
9250
9252
1061
1063
9255
9257
1067
1068
5164
5165
9264
9267
9268
5176
9272
1081
1084
5180
9277
9278
5183
9279
5186
9287
1097
5194
9290
9292
5198
1104
1105
5201
9297
1110
5206
5207
9303
5208
1113
5209
1114
5212
1117
5213
9310
1120
9314
5220
9317
5222
5223
5224
9320
9321
1130
1131
5227
9323
9324
1136
9328
9334
9335
9336
5242
1147
5244
9340
5245
9342
9343
1152
1153
5249
9345
5251
9347
5252
5253
9349
5255
1161
9354
1163
1165
5261
1166
5263
1176
9368
1178
5277
1183
5279
5280
5281
1189
9381
1194
1195
5291
1196
5292
9389
1200
9392
9393
5299
1204
1207
5303
1208
5305
5306
9405
5310
9406
1216
1217
9409
1218
5315
5316
9412
5317
1225
5323
9419
9420
1230
5327
1232
9426
5331
1236
5332
9428
5333
5335
9431
9435
5341
1248
5344
9442
1251
5347
9444
9445
5350
5351
5352
9448
5355
5357
9453
1262
5361
1266
5362
1268
9460
5365
9462
9463
1274
5370
5371
9467
5372
5375
5378
9474
1283
5380
9476
5381
1287
1288
9481
1290
1292
9485
1294
1295
9488
9489
1299
9491
9493
5398
5399
5403
5407
9503
5409
1314
5411
9507
1316
1317
9509
5416
5418
5419
1324
5420
5423
5424
9520
5425
5427
5428
1336
5433
9531
5436
9532
1341
9533
1342
5438
9534
9535
5440
1345
5444
5447
9543
9544
1356
5452
9550
5457
1362
5461
1366
9561
5466
1373
1374
1375
5472
9568
1378
1379
9572
5477
5478
5479
9575
1385
5483
1389
9581
5487
5488
1393
5489
9585
1395
1396
9592
5500
9596
1407
9599
1409
9602
1412
5508
1414
5510
1421
1424
1425
5521
9618
9619
9620
1430
9624
9627
1436
9628
5533
5534
1441
5537
5538
1443
9635
5541
1448
5544
1449
9641
5546
9642
5549
1455
1456
9648
5556
5557
9653
1464
5560
9657
9659
5564
9661
1472
9664
5570
1475
5571
9669
9670
5577
1482
1483
1484
5580
1485
9677
1486
5583
1490
1494
1495
5591
9689
1500
1501
9694
5599
5601
5602
9698
9701
1510
5609
5611
1516
9710
9711
1520
5618
9714
5619
5621
9717
1526
1527
1529
9721
5626
9722
1532
5628
5629
5630
5632
1538
5634
9732
1541
9733
5639
1545
1546
1547
1549
5648
1553
1554
5651
9748
9749
5654
1560
1561
1563
5659
5660
5661
1566
5662
9758
1567
9759
5665
5666
9763
5668
1573
1575
5672
1584
9776
5681
5682
9778
9779
5684
1589
5685
5686
9782
5687
9784
9785
1594
5690
9787
1599
5697
9793
9794
1603
9795
9796
5701
9797
9799
5705
1610
1611
1614
1615
9809
1618
5714
5715
1620
1621
1622
5718
9814
5719
9815
5723
1629
5726
9822
1631
1632
9824
5729
1634
1635
5732
1637
5733
9829
1638
5734
9830
1640
9832
5738
5740
9836
1645
9840
1649
5747
1652
1654
5750
5753
5755
5756
1661
1666
9860
1670
5768
9866
1679
1680
5776
1681
9874
1683
9875
1684
5780
1685
5781
9880
5785
9881
1690
5786
9883
9884
5789
9885
9886
5791
5794
9890
9892
1701
1702
5798
9894
9897
5803
5806
5808
9904
1714
5811
5812
1717
5813
9910
9911
5817
9913
1722
9914
9915
1726
5824
9920
9921
5827
9923
5830
5832
1737
5833
5834
5835
5836
9932
5837
5838
5839
9935
9937
5842
5843
9941
9942
9943
5848
5852
1758
9950
9951
1760
1762
5859
1764
5860
9956
1765
5865
1770
1773
5870
1775
1776
9968
5875
1780
5876
9972
1784
1785
5881
5883
1788
5885
1790
9982
5887
1794
9986
1796
9988
1798
5894
9990
9991
5897
1802
5898
1804
9996
9997
1807
1808
5904
10000
10004
1813
5909
1814
10006
10007
1816
5912
5913
10010
5915
10011
1821
5917
5918
1826
1828
5924
10024
10025
5931
5933
10029
1839
5936
1842
5939
5942
1849
10041
1851
1852
5949
10046
1855
1858
5954
1859
1860
5956
10052
5958
1864
1865
10058
1867
1870
5968
10064
5971
10068
5974
10070
1879
5975
10073
10075
1884
5984
5985
1890
5987
10083
1892
1893
10086
5992
5994
5996
5997
1902
1903
5999
1905
10098
6003
6004
10100
6005
6007
1912
6009
1916
6012
1917
6013
10111
10112
6017
10113
1923
1924
1925
6021
1926
6023
1929
6026
1931
6028
1934
10127
10128
10129
1938
10130
1939
6036
1942
10134
6039
6042
6043
10139
10140
1949
10141
10142
1953
1954
6051
10147
1957
6054
1959
1960
1961
1964
1965
10157
1966
6063
10159
10160
10161
1970
6068
1973
10165
6071
1977
10169
6074
10170
6075
1981
1983
6081
10178
1987
1988
6084
10181
1990
1991
10186
6093
6094
10190
6095
2002
10194
10195
6101
6103
10200
6108
6110
6111
10207
6115
10211
2020
6116
6117
10215
2025
6122
2028
10221
10222
2032
2034
10227
2036
6132
10228
10229
10231
6137
10234
2044
10236
2048
10240
2050
6146
10242
2051
2052
6148
10244
2054
2056
6153
6154
2060
6161
2068
10260
2070
6166
2071
2072
6168
2075
6172
6173
2079
6175
10271
2081
10274
10277
2086
6182
6183
6185
10283
2092
10284
2095
2096
10288
2099
2102
6198
6199
6200
6202
10299
10300
10302
10303
10306
2116
6212
10309
2120
6217
2123
6220
10316
6221
6222
10318
6223
6226
10324
6229
6232
6233
10329
2138
10330
2141
6237
2144
6240
2145
10337
6243
6244
2151
6249
6250
6251
2158
2159
2162
6258
2167
6264
2169
6265
6267
2172
6270
2178
2181
6279
2184
2185
6282
2187
6283
6284
6285
6286
2192
2193
2194
2197
6293
6294
2206
2208
2211
6307
6308
2213
6309
2216
6312
2218
6314
2220
6317
2222
6319
2226
2227
6324
2229
2230
6327
6328
2235
6332
6333
2239
2240
2244
6340
2245
2248
6344
2252
6349
6350
2256
6357
6358
6362
2267
6368
6369
6370
2275
6371
2283
2287
6383
2288
6385
6386
2293
6391
6393
6396
6397
2304
2305
6401
2307
2308
2310
6407
2313
6410
6412
2317
6416
2321
6422
2328
6426
2331
6430
2339
6435
6439
6440
2346
2347
6443
6444
6448
6455
6456
6457
2362
2364
2365
6464
2371
2372
2374
6471
2378
6477
2385
2388
2389
2390
6490
2395
6491
6493
2399
6496
2401
6497
6499
2404
2405
6501
6503
2411
6509
2417
2419
2420
6519
6520
6523
6524
2430
2431
6531
6535
6537
2442
2444
6540
6541
6542
6543
2448
2450
6546
6547
2453
2454
6552
6553
6554
2459
2460
2463
2464
2466
6563
6565
6566
2471
6569
2476
2478
2480
6576
6577
2483
2484
2486
2487
6583
2488
6584
6585
6588
2493
6589
2495
2498
2499
2501
2502
2505
2507
2508
6604
2509
6606
2511
6607
2518
2520
6616
2523
6620
2528
6625
6626
6627
6628
2539
2541
6638
2543
6639
2544
2545
6643
2552
2553
2556
6653
6654
2565
2566
6663
2568
6664
2569
6665
2571
2573
6670
2575
6672
2584
6682
6683
6687
2592
2597
2600
2601
2603
6699
2605
2607
6707
6708
6709
2618
6716
2621
6718
6721
2629
6725
2630
2631
2633
2638
6735
2641
6737
2642
6738
2644
6743
2648
2650
2651
6749
2654
2657
6753
2665
6763
6764
2670
6767
2672
6769
2674
2676
2677
6773
6774
2680
6776
2681
2682
2685
2687
2688
6785
6786
2691
2692
2695
2697
6793
6794
2702
2704
6800
6801
2706
6804
6805
6806
2711
6809
2718
6817
6818
2723
2724
6820
6821
2727
6823
2729
2736
2745
6841
6842
2748
2749
2750
6846
6849
2754
6853
6856
6857
6859
6862
6863
6864
6866
2771
6868
6869
2777
6873
6876
6878
2783
2786
2788
6884
2790
2791
6888
6889
2794
6891
2797
2798
2799
2801
6897
2803
6899
2804
2807
2811
2812
6909
2815
6917
2823
6921
2827
2828
2829
2830
6926
2831
6927
6930
6932
2837
2838
6934
2839
2840
6936
2841
6937
6939
2844
6940
6941
6943
6944
6946
6949
6951
2856
2859
2861
6959
6960
2865
6961
6962
6965
2870
2871
6968
2873
2876
2878
2879
6975
2881
6977
2882
6978
2884
2886
6982
2888
2889
6985
2890
2891
2893
6992
6996
7003
2909
7007
2912
2916
2919
7015
2923
2927
2928
2935
2936
2938
2941
7038
7039
2946
7042
7045
2951
7048
7052
2959
7055
7060
7063
2969
2971
2972
7068
7069
2979
7076
2983
2987
7083
2990
7086
7091
2997
2998
7095
7096
7100
7102
3009
7105
3011
3015
3017
3018
3019
3021
3023
7122
3032
7129
3034
7132
3038
7134
7136
3041
3042
7139
3044
7140
7146
7149
7152
7153
7154
7155
3062
7158
7159
3065
7161
7162
7163
3069
3072
7168
3075
3076
3077
3078
3081
7178
7179
3085
7182
7186
3092
7188
3093
7189
7191
7193
3098
7194
3099
3100
7196
3101
7199
7202
3107
3109
7205
3115
7211
7213
7214
3122
7218
7219
3124
3125
7224
3129
3130
7232
3141
3146
7242
3147
3150
7246
7248
7250
3157
7254
3159
3162
7258
3163
3164
3165
3166
7263
3168
3170
7266
7271
3176
7272
3177
7273
3180
7277
3185
3186
3187
3188
3189
7288
7289
7292
3197
3198
7294
3199
7295
3203
7299
7304
7305
3212
3213
7310
3215
3217
7314
3220
3222
7319
7324
7326
7327
7329
7331
3236
7335
7338
3244
3245
7344
7346
3252
3254
7354
3259
3260
3262
3263
7359
7360
7361
7364
3271
7367
3273
3276
3280
7378
7379
3284
3285
7383
7386
3292
7388
3294
3296
3298
7394
7396
7398
3305
7401
3312
7408
3313
7409
7411
3317
7413
7415
7417
3325
7423
3335
3338
3340
7437
3344
7443
7444
7447
7448
3353
7449
3354
7451
3363
3364
3365
3366
7463
3371
7471
7473
7476
7477
3382
3383
3384
7482
3388
3392
7489
7490
3397
7494
7498
3403
3404
3405
7501
3408
3409
7505
3412
3413
3414
7510
7511
7513
7515
3420
7517
3422
7521
3427
3429
7528
7531
3436
7532
7535
7536
7540
3447
3449
7545
3452
3456
7554
7557
3462
7560
7562
7566
3472
3473
7570
3476
7574
3479
7576
7578
3483
3485
3486
7582
7583
3488
3489
3493
7589
3499
3501
7597
7600
3508
3509
7605
7606
3511
3512
3513
7609
3515
7612
7613
7615
7618
7620
7622
7623
7624
7625
3531
3534
3535
7631
3537
7634
3539
3540
7636
7637
3543
7639
3544
7641
3548
7644
7645
3550
7648
3556
7652
7653
3558
7657
3562
7658
3563
3568
7664
3570
3571
7667
3572
7670
7671
3577
7676
3583
3586
3590
3593
3594
3595
7695
7698
7699
3605
7705
3611
3612
7712
3618
3620
7716
3624
7720
7726
3632
3634
3636
7735
7737
7740
7741
3648
3649
7747
7754
7756
7757
3664
3666
7763
7766
3671
7767
3672
3673
7770
3677
3681
7777
3683
3684
7780
3686
7783
3690
3692
7791
3696
7794
3703
3706
7802
3710
3712
7808
3714
3716
7812
7813
7814
7816
3721
7817
3725
3727
3729
7826
7827
3733
3734
3736
7832
7834
7838
3745
7841
7843
3751
7848
3755
7851
3757
3758
3761
3762
7858
7859
3768
7867
3772
7868
7870
7874
3780
3784
3785
3786
7885
3791
3793
7889
7891
3796
7895
3800
7897
3806
7903
3808
3810
3811
7907
3812
7908
7910
3817
7913
7914
3819
7915
3820
7916
3822
7918
3823
7922
3830
3831
7928
3833
3834
7930
7932
3837
7933
3838
7934
3839
3840
7938
3843
3844
7940
3845
7941
3848
3849
7945
3850
3851
7949
3855
7952
3858
3859
7956
3863
7959
3864
7960
7973
7974
7975
3883
7979
3884
7982
7985
7986
7990
3895
7991
7992
3897
7994
7997
8001
8002
3908
8007
8008
8012
3919
3920
3921
8018
8019
3926
3929
8025
3934
3936
8033
3939
8035
3941
8040
8042
8043
8044
3949
3950
3952
8050
8052
8053
3962
8058
3963
3968
8065
8069
3974
3975
3979
3982
3986
8084
8086
8087
3995
3996
8092
8093
8096
8101
4006
8105
4010
8106
4011
4014
8111
4016
4017
8115
4021
8118
4024
8120
4025
4029
8126
4031
8128
8131
8132
4037
8133
4038
8135
4040
4044
8146
8148
8149
8150
8153
4058
8154
8155
4061
4062
8158
4064
8162
4067
4068
4069
4071
8168
4074
8170
4075
4076
8172
4077
4081
4082
4083
8179
4084
4085
8181
8184
8185
8187
8189
148
0
1
2
3
4
5
6
7
8
9
10
12
13
15
16
17
18
19
20
21
22
23
24
25
27
29
30
31
32
33
34
35
36
37
39
40
41
42
43
44
45
46
47
48
49
50
51
52
56
57
58
59
60
61
62
63
64
65
66
67
73
74
75
76
77
78
79
80
81
82
85
86
87
88
89
90
91
92
93
94
95
96
99
100
101
102
103
104
105
106
107
108
109
110
112
115
116
117
118
119
120
121
122
123
124
127
129
130
131
132
133
134
135
136
137
138
139
143
144
145
146
147
149
150
151
152
153
155
158
159
160
161
162
163
164
165
166
167
171
172
173
174
175
177
178
179
180
182
