686
0
1
2
3
1029
1030
1032
10
1034
11
1035
12
1036
13
14
1038
15
1039
16
1040
18
1042
19
1043
1044
21
1045
22
23
24
25
1049
26
1050
1051
28
29
1053
1054
31
1055
32
1056
34
35
36
1061
1062
39
40
41
1065
43
1067
1068
1069
46
1070
47
1071
1072
49
1073
51
1075
1076
53
1077
54
1080
58
1082
59
1085
62
1086
63
64
1088
65
1089
66
67
1091
68
69
1093
70
72
1096
73
74
1098
75
1099
76
1100
77
1101
79
1103
80
1104
1105
82
1106
85
87
88
90
91
92
93
94
96
99
100
101
102
103
106
108
109
110
111
113
114
116
117
118
120
121
122
124
125
127
128
129
130
132
134
135
136
138
140
142
143
144
145
147
150
152
153
154
155
156
162
163
165
166
167
168
170
171
172
175
179
180
181
184
185
188
189
190
191
194
195
196
199
201
204
205
206
207
208
209
211
212
214
215
216
217
218
220
221
222
224
225
226
227
228
230
234
236
237
239
243
244
246
248
252
253
254
256
258
261
262
263
265
267
269
272
275
277
278
279
280
282
286
288
290
292
294
296
297
298
299
300
301
302
303
304
305
306
307
310
311
313
315
317
319
321
325
327
328
329
331
332
333
334
335
336
337
338
341
344
345
349
351
352
354
355
356
357
358
359
360
361
362
364
368
369
370
372
373
375
376
377
379
380
381
382
384
388
389
390
391
392
393
395
396
397
398
400
403
405
406
409
412
413
417
418
419
420
421
422
423
426
428
429
430
433
436
437
439
441
442
443
444
445
449
450
454
455
456
457
458
459
460
463
464
468
470
477
480
482
483
484
486
487
489
490
492
493
494
495
497
498
499
500
501
502
503
504
507
510
513
515
520
522
523
526
527
528
529
530
531
532
533
534
538
539
540
541
544
545
546
547
550
551
552
553
555
559
561
562
564
565
566
569
571
572
574
576
577
578
579
581
584
585
586
587
588
589
590
592
593
594
597
598
602
603
605
607
608
611
615
616
617
619
622
624
625
626
632
633
635
636
637
639
640
643
644
645
647
648
649
650
651
652
654
657
658
660
661
662
664
666
668
669
670
671
673
675
676
677
678
679
680
681
682
683
684
686
688
689
690
692
693
694
696
697
698
700
704
705
707
710
711
712
714
715
716
717
718
720
721
723
724
725
726
727
728
729
730
733
734
735
736
740
741
742
743
745
746
747
749
751
752
753
754
755
757
758
761
762
763
765
767
768
769
771
773
774
775
780
781
783
784
786
788
789
791
792
793
797
799
802
803
804
806
808
811
813
814
815
816
817
821
822
825
827
831
832
833
836
837
840
841
843
844
846
847
848
849
850
851
852
854
855
856
858
861
862
865
866
867
868
869
870
871
873
874
875
876
877
879
880
881
882
884
886
887
888
890
894
895
896
897
898
899
900
901
902
903
904
906
908
911
913
915
917
918
919
920
921
922
923
924
925
926
928
930
933
935
937
939
941
946
948
950
952
953
954
955
960
963
964
965
967
968
971
973
974
975
976
979
982
983
985
987
988
989
991
992
993
996
998
999
1001
1003
1004
1005
1006
1008
1010
1011
1012
1013
1014
1016
1017
1018
1019
1020
1021
80
0
1
2
3
4
5
6
7
8
9
10
11
12
13
14
15
16
17
18
19
20
22
23
24
26
27
28
29
30
31
32
33
34
35
36
37
38
40
41
42
43
45
46
47
48
49
50
51
52
53
54
56
57
58
59
60
61
62
64
65
66
67
68
69
71
72
73
74
75
76
77
78
80
81
82
83
84
85
86
87
