1456
4096
6144
2049
4098
6146
6148
8198
4102
2055
2056
4104
2057
9
11
6156
12
6157
6158
2063
6160
4113
2067
4116
6164
4117
8214
2070
4125
30
6175
32
4129
2081
6177
35
8228
2084
8229
2086
4135
8231
8233
4138
42
6187
6189
4142
47
49
6193
8242
6195
2101
4150
6199
8248
8250
58
6204
2108
2109
4159
2113
65
8257
2114
6210
6211
68
4164
8260
4165
8261
6215
8263
2121
74
8267
2123
76
2124
78
2126
4175
4176
80
4177
84
6229
8279
87
4184
6233
6234
8285
95
4192
96
97
4194
4195
4196
4197
4198
6246
8296
6250
4204
108
4205
8302
4207
8304
113
6257
2163
119
2169
4217
122
8316
4220
4221
8318
127
8319
4224
2177
131
2180
133
6278
2183
6280
137
4233
138
6282
6284
6285
142
6287
4242
2195
6292
2198
150
151
6296
6297
4249
153
4251
6302
4255
6304
160
4260
165
167
4264
169
2217
2218
6315
6316
6317
2224
2226
4274
6323
4276
2229
4278
186
187
189
4285
6334
4287
6336
2243
6340
4292
198
6343
200
203
6350
4306
2261
6360
6361
2267
6364
4316
226
2278
4328
233
4330
235
6380
6382
240
6386
4338
4339
4341
6389
245
250
6394
6398
2302
6400
6401
6402
6404
261
6414
4366
4367
2322
6419
275
6421
277
2326
6422
279
6423
2329
4386
291
2341
293
6438
2343
4393
6441
6442
300
6444
4396
2348
6448
306
2357
6453
310
4408
2362
314
6458
2363
2364
6463
4417
326
328
4425
4427
6476
4428
6477
2382
335
338
2386
6487
345
4442
2394
6490
4443
348
351
2399
4449
4451
6501
6502
4454
359
364
366
2418
371
6515
6516
375
4476
383
6527
6529
4483
6531
2435
4484
6533
389
4488
6536
393
4490
397
6541
4493
398
2446
4495
403
2452
6549
6550
4502
6551
407
410
2460
413
2462
6559
415
2466
6562
419
6563
6564
420
2469
4517
421
4520
2474
6572
6573
4526
432
433
6578
6580
4532
2485
2486
4535
439
6587
2493
6590
2496
6593
4546
6595
6598
455
4552
4554
459
4555
2508
4557
6606
465
6610
4562
2515
469
470
2520
4570
6620
477
478
2527
479
4577
2529
4579
488
2537
6634
2539
6635
4588
2540
6638
495
6640
4593
4594
6647
2552
505
509
2557
6654
4606
6656
2561
513
6659
2563
515
6662
520
4617
522
2572
4621
6670
527
6671
4626
4629
4630
536
6682
2593
4643
6692
2596
4644
6694
4650
6698
2608
4657
6707
563
4660
566
4663
2615
570
2619
2621
2624
4673
4674
2628
2629
4677
6727
583
2632
4681
6731
2635
4686
4689
594
6738
2642
2643
4692
2645
598
6742
602
4698
6748
2653
4702
609
2657
4706
6758
2662
6759
4711
4712
6761
6764
6767
6769
6771
4724
628
629
4727
6777
6778
4730
2682
4733
6782
638
4734
2687
6783
4735
4736
6784
6785
4738
4739
2691
2692
6788
6789
6795
652
4748
4750
656
6800
6801
657
4753
659
4756
6808
6809
671
4768
2723
6819
2727
4777
684
6832
4786
4787
692
695
2745
6842
4795
4796
4797
4798
6847
6849
6850
710
711
2759
2760
2761
6857
4809
6858
2763
4811
2764
718
2768
2771
4820
4821
6870
4823
4824
6872
729
6873
6875
4829
6880
2786
4835
6884
4838
743
6887
2793
6890
2797
4845
750
2802
6898
4852
2805
759
762
763
4860
2813
4863
6912
6914
771
2820
6917
4872
6922
4875
779
4876
2828
4877
6926
2831
4880
2832
6928
2833
786
4884
4885
789
791
4888
2840
794
2843
6939
6941
2845
4893
6943
803
2857
6956
2861
2862
4911
6962
2866
6963
4919
826
2877
830
2878
6976
2880
4932
2884
6981
2885
4935
6983
4937
4939
2892
2893
6989
847
849
6993
853
2903
4951
2904
858
2907
7003
860
863
4959
2913
2914
7010
7011
4971
2923
7020
882
7028
7031
4984
2936
2938
4987
7035
4989
4990
894
7039
895
2944
2949
2950
907
7051
7052
2957
5006
910
912
7058
5011
7061
919
5017
924
2972
7069
927
5026
2979
7076
7078
2986
938
2987
7083
7084
7086
2991
2992
944
945
946
7092
5045
7094
2999
7096
5049
7098
7100
3006
3007
3008
5056
7107
7109
968
969
5066
5067
5069
973
7118
5070
976
5073
977
979
5075
3028
5077
7126
5079
7128
984
3036
7134
7135
5088
7137
5089
997
7142
3047
3048
5098
3053
1005
1006
5103
5104
3057
1009
3061
7157
3068
7164
5118
7167
5120
7171
5124
3076
3077
1029
5125
7175
1032
1034
7178
1035
3087
5136
5138
7187
5140
1045
1047
5143
5146
1052
3102
1058
5156
5157
3110
3111
1065
1066
7211
5166
1072
5169
7219
7220
1077
3127
1081
1083
7229
5181
1092
3143
1095
1096
1098
5196
7246
5201
3155
3156
7253
3157
5207
7256
5209
3163
5213
1117
1118
7262
7263
7264
3168
3170
3172
5221
7273
3181
7279
1135
1139
5237
5238
5240
1144
7292
5244
1150
5249
3202
3203
3207
7304
1160
7306
7307
1165
7315
1173
3224
3227
7323
5275
1180
3228
7325
5278
3230
5282
1187
1189
5286
3238
5287
3239
1192
7336
1193
5292
7343
7349
1205
3254
1209
1210
5308
5311
3264
7360
5314
7362
7363
1220
7366
1222
5318
7370
5323
3276
7374
5326
7377
5330
5333
3286
5335
7383
1239
3287
5336
1240
1243
3292
1247
5343
3296
1248
1251
7397
5349
3301
5350
1255
1260
5357
1261
5358
1263
7408
7409
5363
3315
7412
3316
5367
3322
7418
3324
1277
3325
3337
5385
7435
3340
1293
3341
7441
3347
1301
7447
1303
1304
3352
1305
1308
5406
1311
3359
1315
7461
5417
7468
3374
3375
1328
5426
5429
3381
7478
5430
1335
7482
5436
7484
7485
5438
3391
7495
3402
5451
7503
3407
7504
1361
5458
7506
3410
1366
3414
7511
7512
3418
7514
7515
7516
3422
5470
3424
5473
5474
5476
7525
1386
1387
7531
5488
1393
7538
3442
7539
1397
7545
7546
7547
5499
3455
5504
3457
5505
5506
1411
7555
1415
3464
7560
1417
3467
5516
7565
3469
5517
3470
7566
7567
1423
1425
7570
1427
5523
5527
7575
1433
7577
1434
5530
3483
1437
3487
7584
5537
3489
7587
5539
5540
1444
3493
7590
5547
5548
1452
7600
3508
5557
7605
7607
7609
3516
3517
5566
3519
5567
5572
1481
1482
3534
7630
7632
1488
1490
3539
7637
1496
5593
3545
3546
1501
3550
1504
1505
5603
3556
1510
5606
3560
1512
7659
7660
1519
5619
1527
5624
5626
3579
1533
3582
5632
5633
1537
3588
5638
7686
3592
3594
7693
1552
3602
1554
1555
1557
3605
7704
5660
7709
5663
5666
3618
5667
3619
5668
5671
5674
7723
5675
1579
5676
3629
1582
3633
5681
3635
7732
3637
3639
5687
1593
5693
7741
3645
1599
1600
1602
1603
5700
7748
1605
5702
3654
3655
7755
7756
5708
7757
5712
5713
1617
1618
3666
1619
1621
5719
3671
5720
3674
7770
1628
5725
7773
3681
7777
5730
1635
3685
7781
1637
7783
3687
7787
5739
1646
7792
1649
7794
3700
3701
5749
5752
1662
7807
3711
7809
7810
3714
1667
7811
5763
7812
1668
5765
7814
3719
5768
1673
3722
3725
1678
7826
5779
3731
1684
3735
3736
5785
7835
3739
5788
5790
3742
5792
1700
5797
7846
7849
5804
7853
1710
1711
3761
5810
1720
3769
7865
5818
1723
1726
1728
3776
1729
7873
5825
7876
3783
7879
5831
1736
7882
1738
7883
3788
7884
5838
7887
3792
1745
3793
1747
3795
3796
1750
7895
5851
5852
1757
5853
7901
3807
1760
5858
3811
5859
3813
5862
1766
7913
7915
3819
7916
1773
3823
5871
1777
3826
7926
3831
3834
1787
5884
1789
3838
5886
3842
1796
7945
1802
3851
1807
5904
5908
1813
3861
1814
3862
3863
7960
7961
3866
5918
3871
3873
5922
5925
1830
3881
5929
7978
7979
7980
1837
5933
7982
1840
5938
7986
3892
5941
7991
5945
3900
5949
3901
1854
5951
1857
8009
3916
8013
8014
5967
5973
1877
3926
5975
3927
1880
1884
5980
5981
3938
8035
3939
5988
8038
1898
8043
5996
5997
5999
6002
3954
3955
8051
6005
6007
8055
3961
8058
6010
6015
1921
1922
1925
6021
1928
3978
8077
3982
6031
1937
1939
8084
8086
8087
6040
3993
8093
1951
1953
4006
1960
1961
1962
4011
1967
4016
8114
1970
6069
4022
6071
8119
8123
8126
1985
8129
6084
4037
4038
6086
8137
6090
4043
4044
6092
2000
6098
2003
8148
6101
8149
8152
8156
4061
2013
2014
4065
8162
8165
6118
2025
8169
2026
8171
6124
8172
2029
6126
8174
6127
4079
6128
4080
8177
4083
4084
2037
4086
6134
2040
6138
6143
180
0
1
2
3
4
5
6
7
8
9
10
11
12
13
14
15
16
17
18
19
20
21
22
23
24
25
26
27
28
29
30
31
32
33
34
35
36
37
38
39
40
41
42
43
44
45
46
47
48
49
50
51
52
53
54
55
56
57
58
59
60
61
62
63
64
65
66
67
68
69
70
71
72
73
74
75
76
77
78
79
80
81
82
83
84
85
86
87
88
89
90
91
92
93
94
95
96
97
98
99
100
101
102
103
104
105
106
107
108
109
110
111
112
113
114
115
116
117
118
119
120
121
122
123
124
125
126
127
128
129
130
131
132
133
134
135
136
137
138
139
140
141
142
143
144
145
146
147
148
149
150
151
152
153
154
155
156
157
158
159
160
161
162
163
164
165
166
167
168
169
170
171
172
173
174
175
176
177
178
179
