1037
2049
2050
3
2051
2052
2053
6
10
2059
13
2061
2062
15
2064
17
2065
18
2066
21
2071
2072
2073
26
2075
2078
31
2079
33
34
2082
2083
36
37
2087
40
2089
2090
48
2096
49
50
2098
51
2099
52
2101
54
2102
55
2104
2106
2107
60
2108
61
62
2110
63
64
2114
67
69
70
72
73
2121
2124
2126
79
2129
84
2133
2134
88
2136
93
94
95
96
2144
97
2146
99
2147
2149
2150
2152
2154
2156
2157
111
112
2160
114
116
2164
2165
118
119
2167
123
124
2173
127
2175
2177
137
2186
139
140
2189
2190
143
2192
145
2195
148
149
150
2198
151
2199
152
2200
153
154
156
158
2206
160
2209
163
2211
2212
166
2215
168
2216
169
2217
2221
174
176
2225
178
2226
2227
2228
181
2229
182
2230
183
2231
184
2233
2235
189
2237
190
191
2239
192
2241
2242
199
2247
202
204
205
207
2257
210
212
213
2261
2262
215
2263
217
2265
219
2268
224
225
2275
2276
229
231
2279
232
2280
2282
235
2284
237
2285
238
2287
2288
241
2289
2290
244
246
2294
2295
2296
250
2298
251
254
255
2303
2304
2305
258
259
2307
262
2310
2311
265
2313
266
2314
2315
268
269
270
2318
2319
273
2321
277
279
2327
2331
286
2334
288
2338
2339
292
293
294
296
297
2346
2347
2348
302
303
2352
306
2356
2357
310
2360
2361
314
2363
316
2364
318
2367
320
2368
323
2373
326
2376
2380
334
2383
336
337
2390
2392
345
346
2394
348
2396
350
2400
2401
354
2402
356
358
2406
360
2409
363
364
2412
2413
366
2414
368
370
373
2422
375
376
378
2427
380
2428
2429
382
383
384
2434
387
388
2437
390
2438
2439
2442
395
2443
396
2445
2446
2447
401
2449
403
405
408
409
411
413
415
417
418
419
2467
2468
421
2469
425
426
2475
428
2477
431
2479
432
2481
2482
2483
2484
437
2486
2487
2489
442
443
2492
2497
2498
2500
454
455
457
2506
459
2507
2509
2510
463
2513
466
2514
2515
468
2520
473
2521
2524
478
479
480
482
2530
483
2531
485
489
490
2538
491
2539
2540
494
2542
2543
2544
2545
498
499
2547
502
504
2552
505
2554
2556
509
2557
511
512
2560
2563
2566
523
2573
526
528
529
530
531
532
533
534
2582
2583
536
2584
538
2587
541
543
2593
2594
2595
2596
549
2597
551
552
556
2605
558
2606
2607
2608
561
2609
563
2611
564
2612
565
566
2614
2615
568
569
570
2620
574
2622
2623
576
579
2628
582
2630
583
584
2632
585
2633
587
589
591
2640
2643
2644
598
2646
599
601
2649
2650
603
2651
2653
606
2654
607
2656
2660
613
2662
2664
617
619
2667
622
2671
2672
2675
2676
629
2677
630
2681
635
636
639
645
646
652
655
659
662
664
670
673
676
677
679
680
681
691
693
695
697
698
702
705
706
709
711
712
716
718
719
720
721
722
723
724
725
726
727
729
730
734
736
740
744
747
749
753
759
761
763
764
765
772
774
775
781
782
783
786
792
793
795
796
797
800
803
805
812
816
817
818
823
826
827
832
835
836
837
840
844
845
846
849
854
857
858
860
861
862
866
868
870
871
872
873
874
875
876
879
881
882
889
894
896
897
899
900
901
902
905
910
914
917
919
920
923
925
926
928
933
934
935
938
939
940
943
944
946
949
951
953
955
974
975
976
978
979
981
985
986
990
994
998
1002
1005
1007
1013
1014
1015
1024
1025
1027
1028
1029
1032
1034
1039
1042
1046
1048
1049
1053
1056
1058
1059
1067
1070
1071
1076
1077
1081
1089
1090
1092
1093
1106
1108
1110
1113
1115
1119
1122
1125
1126
1127
1129
1130
1132
1134
1140
1142
1147
1151
1152
1160
1162
1164
1167
1172
1174
1175
1178
1179
1182
1185
1186
1194
1195
1196
1199
1206
1208
1213
1218
1219
1221
1229
1232
1234
1238
1240
1242
1244
1254
1256
1259
1262
1264
1265
1266
1267
1268
1269
1272
1275
1276
1278
1279
1284
1287
1288
1292
1295
1300
1301
1309
1311
1319
1321
1332
1333
1335
1338
1342
1344
1347
1350
1354
1359
1360
1367
1368
1370
1373
1386
1389
1390
1393
1394
1395
1396
1397
1398
1401
1403
1406
1408
1411
1412
1415
1417
1418
1420
1421
1425
1428
1429
1430
1435
1436
1437
1439
1448
1449
1451
1452
1453
1455
1456
1457
1458
1461
1468
1474
1477
1482
1486
1487
1488
1491
1497
1502
1503
1507
1510
1511
1513
1515
1516
1517
1528
1533
1537
1541
1543
1549
1552
1554
1555
1559
1560
1561
1564
1566
1570
1571
1574
1578
1581
1589
1590
1592
1593
1595
1597
1599
1600
1601
1603
1604
1605
1613
1616
1619
1620
1623
1624
1626
1627
1637
1638
1640
1644
1646
1652
1654
1655
1657
1659
1660
1669
1673
1674
1676
1679
1682
1684
1685
1686
1687
1691
1693
1694
1697
1698
1701
1702
1703
1706
1707
1708
1709
1710
1713
1719
1725
1727
1730
1731
1734
1735
1736
1738
1741
1742
1745
1747
1748
1750
1753
1754
1758
1759
1760
1761
1762
1764
1771
1773
1775
1776
1778
1779
1780
1781
1783
1786
1789
1791
1795
1796
1798
1802
1804
1805
1807
1808
1811
1812
1813
1816
1817
1818
1825
1827
1829
1830
1831
1834
1838
1841
1846
1849
1852
1853
1856
1857
1860
1863
1864
1866
1870
1877
1879
1880
1884
1885
1887
1891
1896
1904
1905
1906
1913
1914
1916
1917
1919
1921
1922
1923
1926
1927
1930
1936
1937
1941
1945
1956
1959
1961
1962
1964
1966
1968
1970
1972
1973
1975
1980
1981
1985
1988
1990
1991
1992
1994
1995
1996
2000
2001
2003
2009
2019
2023
2026
2028
2031
2034
2035
2039
2046
2047
83
0
1
2
3
5
6
7
8
9
10
11
12
13
14
15
16
17
18
19
20
21
22
23
24
25
26
28
29
30
31
32
33
35
36
37
38
39
40
41
42
43
44
45
47
48
49
50
51
52
53
54
55
56
58
59
60
61
62
63
64
65
66
67
68
69
70
71
72
73
74
75
76
77
78
79
80
82
83
84
85
86
87
89
