824
3
5
2055
2056
2058
2061
16
2065
18
2067
24
25
2073
26
27
2077
2078
2079
32
33
35
2084
2085
2086
40
2088
2089
43
2092
46
47
2095
50
51
2101
54
2102
55
2103
57
2106
2108
61
2110
2111
2114
2116
2119
73
75
2123
78
79
2128
81
2129
82
2130
2131
2132
2133
2134
2135
88
2138
2140
2141
2142
95
2143
96
98
99
101
102
2152
105
2153
2155
108
109
2159
113
114
2162
115
2166
2167
2168
2169
2172
125
127
2179
132
2186
139
140
143
2191
146
148
2196
149
2198
153
2201
154
156
2204
157
2205
158
2206
160
163
2212
165
166
2215
168
2217
170
172
173
2221
176
177
2226
2227
182
183
2232
185
2233
186
188
2237
190
191
2239
2240
2241
2243
2244
2245
199
201
2250
206
2254
208
209
210
212
214
217
220
221
225
226
227
230
232
235
236
237
238
244
252
258
259
260
262
263
266
269
270
272
273
275
279
281
282
285
287
288
296
297
298
302
304
306
311
313
314
315
318
321
332
335
337
340
341
344
346
349
350
359
366
367
370
371
374
375
377
379
382
383
386
390
394
396
397
398
403
404
406
408
412
413
415
417
421
423
425
428
432
438
440
443
446
447
452
453
454
455
460
461
462
465
467
469
471
472
474
475
476
478
482
483
484
489
491
492
497
498
499
500
506
508
517
518
519
521
522
523
524
525
528
531
532
533
535
536
537
538
539
540
542
552
553
557
559
560
563
564
565
567
573
574
581
582
585
586
587
589
590
594
598
599
600
601
604
605
609
613
617
618
619
622
623
624
628
629
630
632
633
638
639
640
642
644
650
659
660
661
663
669
673
674
679
686
690
692
693
694
696
698
700
702
703
710
711
712
717
726
728
729
732
734
735
738
739
744
746
749
750
752
753
758
765
766
768
775
776
778
779
781
782
788
790
791
793
794
796
798
802
803
805
809
811
813
814
816
818
827
830
832
833
836
837
842
844
845
849
850
851
853
855
858
860
873
874
875
879
882
883
887
889
890
896
897
903
904
906
907
908
915
921
928
930
933
934
935
937
944
945
946
948
949
951
952
958
959
960
961
963
965
967
968
970
974
975
978
984
987
989
991
997
1002
1003
1006
1010
1017
1020
1021
1025
1026
1030
1031
1038
1040
1043
1060
1065
1067
1070
1079
1082
1086
1089
1090
1092
1094
1097
1100
1101
1103
1105
1106
1109
1115
1117
1118
1120
1127
1130
1137
1140
1142
1145
1149
1150
1151
1154
1155
1156
1158
1159
1160
1166
1169
1170
1172
1173
1175
1179
1181
1191
1192
1195
1201
1204
1205
1207
1211
1215
1216
1218
1219
1220
1222
1226
1228
1245
1249
1253
1254
1258
1260
1272
1275
1280
1282
1283
1286
1288
1289
1290
1296
1302
1303
1304
1305
1306
1309
1312
1314
1318
1320
1325
1327
1330
1331
1333
1337
1340
1341
1343
1349
1350
1353
1361
1363
1365
1368
1370
1371
1374
1375
1376
1379
1380
1382
1383
1384
1386
1387
1388
1392
1393
1394
1395
1397
1402
1403
1404
1406
1409
1412
1418
1420
1421
1429
1431
1437
1444
1449
1452
1454
1455
1456
1458
1460
1461
1463
1464
1470
1473
1477
1480
1481
1483
1485
1487
1492
1493
1496
1497
1499
1500
1502
1510
1511
1513
1514
1515
1516
1517
1518
1521
1523
1524
1527
1528
1530
1533
1535
1537
1538
1541
1545
1547
1550
1551
1557
1561
1562
1568
1571
1573
1574
1575
1578
1579
1580
1586
1588
1591
1594
1598
1602
1608
1610
1613
1614
1620
1621
1629
1631
1632
1633
1634
1636
1638
1646
1647
1651
1657
1661
1663
1668
1672
1673
1677
1680
1684
1685
1687
1689
1690
1692
1694
1696
1697
1699
1700
1701
1706
1708
1711
1714
1726
1730
1732
1733
1735
1736
1749
1752
1754
1755
1756
1758
1762
1764
1767
1773
1774
1776
1778
1780
1784
1788
1790
1792
1794
1795
1796
1797
1799
1807
1813
1815
1817
1819
1821
1826
1830
1831
1832
1836
1841
1842
1843
1845
1850
1851
1853
1856
1861
1865
1869
1874
1877
1878
1879
1881
1882
1883
1885
1890
1893
1894
1897
1900
1901
1903
1907
1908
1909
1917
1918
1919
1922
1929
1934
1935
1936
1937
1941
1946
1957
1958
1961
1962
1968
1969
1974
1975
1976
1980
1981
1983
1990
1992
1994
1995
1998
2005
2006
2008
2010
2015
2020
2022
2023
2028
2031
2033
2036
2038
2045
111
0
2
3
4
5
6
7
8
9
10
11
12
13
14
15
16
17
18
19
20
21
22
23
24
25
26
27
28
29
30
31
33
34
35
36
37
38
39
40
41
42
44
45
46
47
48
49
50
51
52
54
55
57
58
59
60
61
62
63
64
66
67
68
70
71
72
73
74
76
77
78
79
80
81
82
83
84
87
89
90
91
93
95
96
98
99
100
102
103
104
105
106
107
108
109
110
111
113
114
115
118
120
121
122
123
124
126
127
129
132
133
