43
1
65
130
72
73
10
74
77
78
16
80
17
81
18
83
84
21
22
23
89
90
93
32
96
33
98
101
40
108
46
47
48
112
49
113
54
118
122
59
124
61
125
62
110
0
2
3
4
260
5
261
262
8
266
11
12
16
18
274
19
20
21
22
23
26
27
30
286
31
287
32
33
34
290
291
36
38
39
40
41
42
43
44
300
47
304
49
52
53
310
57
60
61
317
62
318
63
68
69
70
331
76
78
79
80
337
82
84
85
86
88
89
92
98
99
101
102
103
104
105
107
109
110
127
129
132
136
139
143
145
146
147
149
151
152
158
165
173
174
178
181
187
194
207
218
219
220
225
227
234
239
252
253
255
