3183
1
8197
5
8199
8200
8201
10
8203
8205
8206
14
8208
16
17
8210
8212
8214
8216
26
27
8222
33
34
8226
35
8230
39
8231
40
8232
41
8233
42
43
8235
8237
8239
47
8240
48
50
8244
8246
57
8249
59
60
64
8257
8258
66
8259
70
8262
72
8265
73
8267
76
8273
81
8274
82
8276
8278
86
8280
88
89
90
8282
91
93
8286
96
98
8290
8291
8292
100
103
105
108
8301
8305
114
8306
115
8309
118
8310
120
8313
122
8314
126
8319
127
8321
131
133
8325
8326
8328
8329
138
8330
8331
8332
141
8333
8335
145
8338
147
149
8343
8345
8346
154
8347
158
160
8355
164
8356
8359
174
8366
178
8371
8372
181
8373
183
191
193
199
201
204
205
207
208
210
212
215
217
225
227
231
234
240
252
255
258
261
267
268
269
270
272
275
279
280
282
284
285
286
291
293
294
295
297
298
300
304
305
307
309
313
314
317
320
321
322
326
327
329
333
334
335
337
338
344
345
348
351
353
357
359
360
365
367
372
374
376
377
380
385
386
387
388
393
394
396
404
405
411
418
419
421
425
429
433
435
436
438
446
451
457
458
461
462
463
467
469
471
477
481
486
488
489
490
493
494
496
498
500
502
503
504
506
507
511
512
518
522
524
525
527
530
535
536
537
540
546
552
553
555
558
559
560
561
562
567
573
581
585
589
590
592
593
595
596
599
603
604
605
607
608
614
617
618
619
621
622
623
624
625
629
631
632
633
636
637
638
639
643
644
645
648
657
658
659
660
662
663
669
671
672
679
684
685
688
691
692
693
698
699
701
703
704
706
711
712
716
717
718
722
724
727
728
732
735
740
741
744
746
748
750
754
756
757
761
764
766
773
777
782
785
791
795
796
799
801
802
804
806
813
816
817
818
819
821
822
824
828
829
831
832
836
837
838
839
841
843
845
846
850
852
853
854
858
861
864
866
867
868
869
872
874
875
877
878
881
882
890
891
894
897
899
901
904
905
907
911
913
915
916
918
920
922
924
925
929
934
938
941
942
944
945
946
950
951
962
966
967
970
971
975
977
978
981
983
988
991
992
997
998
1001
1003
1005
1007
1013
1016
1018
1023
1027
1033
1034
1035
1038
1039
1042
1044
1045
1046
1050
1052
1054
1056
1057
1058
1059
1060
1071
1072
1073
1076
1080
1083
1089
1090
1093
1095
1099
1101
1102
1104
1108
1109
1111
1112
1114
1116
1117
1122
1123
1126
1129
1130
1132
1134
1135
1137
1140
1145
1149
1152
1154
1156
1157
1162
1164
1165
1167
1170
1172
1173
1174
1176
1177
1178
1179
1180
1186
1190
1194
1199
1201
1207
1208
1211
1212
1216
1219
1220
1222
1223
1225
1228
1229
1235
1236
1237
1238
1246
1247
1251
1254
1256
1259
1262
1264
1266
1267
1269
1276
1277
1280
1282
1289
1293
1295
1296
1297
1304
1307
1310
1312
1314
1316
1321
1322
1331
1334
1336
1338
1343
1350
1355
1356
1363
1366
1367
1369
1370
1373
1379
1380
1383
1387
1389
1391
1393
1394
1396
1397
1398
1400
1408
1411
1416
1419
1420
1421
1423
1424
1427
1428
1430
1432
1435
1437
1442
1443
1444
1445
1447
1449
1450
1452
1453
1454
1459
1461
1465
1466
1467
1470
1471
1472
1476
1477
1478
1481
1482
1484
1485
1486
1489
1490
1492
1496
1497
1503
1506
1516
1518
1519
1520
1522
1525
1526
1527
1530
1532
1533
1534
1535
1537
1538
1540
1542
1545
1546
1548
1550
1552
1555
1557
1559
1560
1562
1566
1568
1569
1570
1572
1573
1574
1576
1579
1582
1583
1592
1596
1597
1600
1601
1607
1609
1610
1611
1613
1616
1617
1618
1619
1620
1624
1626
1630
1632
1633
1635
1639
1645
1646
1647
1650
1651
1655
1656
1658
1661
1664
1665
1666
1674
1677
1680
1681
1684
1685
1691
1705
1709
1711
1723
1727
1729
1737
1744
1746
1751
1754
1759
1760
1763
1764
1765
1771
1772
1777
1781
1783
1784
1788
1791
1792
1794
1795
1797
1800
1805
1806
1810
1813
1814
1815
1817
1820
1824
1828
1830
1831
1832
1842
1843
1845
1851
1855
1856
1857
1859
1862
1866
1869
1870
1872
1873
1874
1876
1877
1879
1880
1881
1889
1892
1893
1896
1899
1900
1902
1903
1906
1907
1913
1916
1918
1921
1927
1929
1931
1932
1933
1935
1938
1939
1940
1941
1946
1949
1957
1962
1963
1964
1969
1970
1979
1982
1985
1989
1992
1993
1995
2002
2003
2010
2011
2012
2022
2027
2029
2030
2031
2033
2034
2036
2037
2039
2041
2042
2043
2045
2046
2047
2049
2050
2051
2054
2060
2065
2066
2068
2070
2072
2074
2078
2079
2081
2082
2084
2085
2089
2090
2095
2096
2097
2099
2102
2109
2110
2115
2119
2120
2125
2128
2130
2133
2134
2135
2136
2137
2141
2142
2144
2147
2153
2156
2162
2173
2176
2179
2181
2183
2184
2185
2189
2195
2199
2200
2202
2204
2205
2206
2216
2218
2225
2229
2232
2234
2235
2237
2240
2244
2247
2253
2254
2255
2257
2258
2263
2268
2270
2272
2274
2277
2283
2284
2286
2294
2295
2296
2304
2305
2307
2309
2314
2315
2317
2320
2323
2325
2326
2329
2330
2336
2341
2343
2344
2347
2348
2349
2351
2352
2353
2355
2358
2368
2369
2376
2382
2383
2386
2388
2398
2400
2401
2405
2407
2409
2412
2416
2417
2421
2425
2428
2429
2434
2438
2440
2442
2445
2449
2451
2452
2454
2455
2456
2457
2459
2460
2463
2464
2466
2468
2469
2472
2479
2485
2486
2488
2490
2492
2495
2496
2500
2506
2507
2512
2513
2516
2517
2521
2526
2527
2528
2529
2530
2531
2532
2534
2538
2540
2541
2544
2546
2549
2551
2552
2556
2559
2561
2564
2566
2567
2568
2571
2578
2579
2580
2581
2582
2583
2592
2595
2596
2600
2601
2603
2604
2605
2608
2610
2620
2624
2625
2626
2627
2629
2633
2635
2636
2642
2644
2648
2651
2658
2662
2665
2666
2668
2669
2671
2672
2675
2676
2678
2683
2684
2686
2689
2691
2694
2697
2699
2702
2704
2706
2707
2714
2716
2719
2721
2722
2723
2728
2729
2730
2735
2736
2738
2740
2742
2745
2746
2747
2749
2752
2753
2756
2758
2759
2763
2766
2768
2771
2774
2779
2782
2783
2787
2791
2792
2793
2794
2797
2801
2805
2807
2811
2815
2817
2818
2823
2828
2834
2838
2841
2845
2847
2848
2849
2851
2857
2861
2862
2866
2867
2870
2871
2875
2876
2877
2878
2879
2880
2881
2885
2892
2897
2903
2904
2906
2910
2911
2914
2915
2917
2924
2925
2926
2927
2929
2931
2933
2934
2936
2938
2943
2948
2949
2953
2954
2957
2962
2964
2966
2967
2969
2975
2978
2980
2981
2983
2984
2985
2987
2990
2991
2993
2994
2996
2998
3000
3001
3007
3008
3010
3017
3019
3020
3023
3029
3030
3031
3032
3033
3035
3036
3037
3040
3042
3043
3045
3046
3049
3050
3053
3054
3056
3058
3059
3064
3066
3070
3071
3072
3073
3075
3077
3078
3079
3084
3085
3091
3092
3093
3095
3098
3100
3102
3105
3106
3111
3113
3115
3117
3119
3121
3123
3126
3127
3130
3132
3133
3136
3137
3138
3139
3140
3144
3145
3146
3148
3150
3156
3159
3160
3173
3174
3178
3179
3181
3182
3184
3191
3192
3194
3195
3201
3205
3206
3210
3212
3217
3218
3220
3226
3229
3230
3232
3240
3241
3243
3244
3245
3248
3250
3251
3255
3258
3260
3261
3262
3263
3265
3266
3271
3280
3281
3282
3283
3284
3286
3287
3289
3292
3294
3306
3310
3316
3318
3321
3325
3326
3332
3335
3337
3339
3342
3346
3348
3349
3351
3352
3356
3358
3360
3361
3362
3363
3365
3366
3370
3377
3378
3379
3380
3381
3383
3387
3388
3389
3390
3392
3393
3395
3397
3398
3408
3409
3411
3412
3419
3422
3423
3424
3428
3436
3439
3444
3447
3451
3452
3453
3454
3455
3457
3459
3467
3474
3475
3481
3486
3493
3496
3498
3499
3500
3503
3506
3511
3516
3517
3518
3519
3520
3521
3524
3529
3531
3534
3537
3543
3544
3550
3551
3555
3558
3560
3561
3562
3567
3568
3572
3574
3576
3579
3581
3583
3584
3585
3588
3589
3593
3594
3599
3602
3605
3607
3609
3610
3614
3616
3622
3627
3629
3638
3640
3642
3645
3646
3647
3648
3649
3651
3655
3656
3658
3660
3661
3662
3668
3671
3672
3676
3679
3681
3682
3685
3688
3691
3697
3699
3703
3705
3706
3707
3713
3720
3721
3722
3723
3728
3730
3736
3738
3739
3740
3742
3743
3748
3749
3756
3757
3758
3760
3761
3763
3764
3767
3768
3769
3773
3774
3775
3776
3781
3785
3786
3788
3792
3798
3802
3810
3811
3812
3813
3820
3822
3823
3825
3830
3834
3835
3837
3838
3839
3840
3843
3844
3845
3846
3847
3849
3855
3856
3863
3867
3874
3876
3878
3879
3881
3886
3887
3888
3889
3894
3895
3897
3899
3904
3906
3907
3908
3909
3910
3913
3915
3916
3919
3920
3930
3932
3933
3935
3939
3944
3945
3950
3951
3952
3955
3959
3961
3962
3966
3968
3973
3975
3982
3985
3989
3991
3994
3996
4002
4005
4006
4008
4014
4015
4016
4021
4022
4027
4030
4034
4035
4037
4039
4042
4046
4048
4056
4057
4063
4065
4069
4072
4074
4076
4078
4080
4081
4083
4086
4087
4088
4092
4094
4095
4102
4104
4106
4109
4111
4123
4130
4133
4137
4142
4143
4145
4148
4149
4154
4158
4159
4163
4165
4168
4172
4175
4177
4180
4182
4185
4186
4189
4191
4192
4195
4201
4202
4204
4205
4212
4215
4216
4217
4219
4220
4224
4230
4231
4235
4236
4237
4238
4240
4241
4242
4248
4249
4250
4253
4255
4258
4259
4263
4264
4265
4266
4270
4278
4282
4288
4290
4292
4294
4296
4297
4305
4306
4309
4313
4314
4315
4321
4324
4329
4330
4331
4333
4334
4337
4338
4339
4343
4347
4350
4361
4366
4367
4369
4370
4372
4373
4374
4375
4376
4378
4379
4383
4384
4385
4390
4394
4395
4396
4398
4403
4405
4408
4412
4414
4415
4420
4422
4423
4424
4426
4429
4431
4433
4440
4444
4447
4448
4449
4451
4455
4456
4457
4461
4466
4468
4472
4476
4477
4483
4484
4485
4486
4488
4491
4498
4502
4503
4505
4506
4514
4516
4517
4518
4522
4525
4526
4530
4531
4533
4535
4536
4538
4543
4545
4548
4549
4550
4551
4559
4561
4564
4566
4569
4574
4575
4577
4580
4587
4588
4591
4601
4603
4605
4606
4607
4608
4609
4611
4612
4614
4615
4618
4629
4630
4631
4632
4634
4635
4636
4640
4641
4644
4645
4646
4649
4654
4655
4658
4659
4660
4664
4666
4667
4673
4678
4681
4688
4691
4692
4693
4695
4696
4699
4703
4705
4706
4707
4713
4716
4717
4720
4723
4727
4728
4730
4732
4734
4737
4739
4742
4745
4746
4747
4753
4755
4756
4761
4762
4763
4767
4769
4771
4776
4777
4778
4779
4783
4785
4786
4787
4790
4793
4796
4798
4802
4805
4808
4810
4814
4815
4816
4818
4819
4823
4826
4830
4831
4833
4838
4840
4841
4842
4843
4845
4847
4850
4859
4861
4865
4866
4867
4871
4872
4881
4882
4887
4890
4891
4892
4895
4897
4901
4902
4907
4908
4913
4915
4916
4917
4920
4921
4923
4926
4927
4930
4934
4935
4939
4940
4941
4942
4945
4954
4955
4957
4965
4971
4974
4975
4976
4977
4987
4990
4993
4994
4996
5003
5011
5012
5015
5016
5017
5023
5024
5025
5026
5028
5031
5035
5037
5042
5047
5050
5055
5057
5061
5062
5064
5065
5067
5068
5073
5076
5077
5083
5084
5086
5088
5089
5090
5097
5098
5099
5102
5106
5107
5108
5110
5111
5113
5115
5121
5123
5127
5128
5131
5134
5144
5147
5148
5154
5159
5163
5166
5168
5169
5172
5173
5176
5177
5178
5183
5184
5188
5189
5191
5193
5195
5196
5197
5201
5203
5205
5211
5212
5214
5218
5219
5220
5221
5223
5224
5226
5228
5230
5232
5235
5237
5241
5244
5245
5246
5252
5257
5259
5260
5261
5262
5264
5266
5267
5268
5270
5271
5273
5274
5284
5285
5290
5292
5293
5304
5306
5307
5319
5321
5322
5325
5332
5333
5334
5336
5337
5344
5345
5346
5347
5349
5353
5355
5356
5361
5364
5367
5371
5373
5380
5381
5382
5385
5389
5393
5394
5396
5397
5398
5399
5400
5406
5409
5410
5415
5419
5422
5423
5431
5432
5437
5439
5440
5442
5443
5446
5449
5450
5452
5457
5458
5459
5460
5468
5470
5474
5475
5477
5478
5480
5481
5482
5489
5495
5497
5504
5506
5508
5510
5511
5516
5518
5519
5521
5522
5523
5533
5534
5538
5539
5541
5542
5543
5548
5549
5554
5558
5559
5560
5563
5564
5565
5572
5576
5577
5581
5582
5583
5584
5585
5591
5593
5595
5599
5602
5609
5611
5612
5613
5620
5621
5623
5630
5631
5633
5634
5642
5645
5646
5653
5658
5659
5660
5664
5667
5672
5674
5675
5679
5682
5685
5693
5694
5697
5700
5705
5706
5708
5711
5722
5723
5725
5726
5727
5731
5732
5737
5739
5744
5745
5747
5750
5752
5755
5765
5769
5772
5774
5779
5783
5786
5787
5791
5796
5799
5800
5804
5807
5809
5810
5813
5816
5818
5823
5827
5832
5839
5843
5844
5845
5848
5849
5851
5853
5857
5862
5868
5870
5872
5873
5874
5875
5877
5879
5880
5881
5882
5883
5884
5889
5890
5891
5892
5893
5896
5900
5903
5905
5912
5913
5915
5916
5918
5920
5923
5925
5931
5933
5934
5939
5943
5949
5950
5952
5955
5960
5963
5966
5974
5977
5979
5982
5987
5989
5993
5995
5996
5997
5999
6004
6009
6010
6012
6013
6014
6023
6024
6026
6029
6030
6035
6036
6040
6046
6047
6049
6050
6052
6053
6054
6056
6057
6060
6062
6065
6070
6072
6074
6075
6078
6079
6080
6084
6088
6089
6090
6093
6094
6096
6098
6102
6104
6106
6113
6114
6116
6120
6121
6122
6123
6126
6128
6129
6132
6133
6138
6142
6145
6147
6149
6153
6156
6157
6160
6161
6163
6165
6168
6169
6171
6179
6183
6184
6187
6188
6190
6192
6196
6197
6198
6201
6209
6210
6211
6213
6214
6217
6222
6225
6228
6230
6231
6232
6233
6234
6236
6238
6240
6242
6244
6245
6246
6247
6248
6249
6252
6257
6265
6267
6269
6270
6272
6275
6284
6286
6287
6290
6292
6294
6296
6297
6300
6301
6302
6306
6308
6310
6313
6314
6315
6317
6318
6319
6320
6323
6326
6332
6336
6342
6344
6346
6347
6355
6359
6361
6365
6367
6369
6370
6377
6378
6381
6384
6386
6392
6393
6395
6397
6398
6403
6406
6408
6409
6410
6411
6413
6414
6415
6416
6417
6422
6423
6427
6428
6432
6435
6436
6439
6440
6442
6444
6445
6459
6462
6463
6465
6470
6471
6476
6477
6483
6484
6490
6492
6493
6497
6498
6499
6500
6505
6508
6509
6518
6522
6524
6530
6533
6538
6540
6546
6553
6554
6557
6559
6562
6563
6565
6567
6569
6573
6577
6578
6579
6580
6582
6583
6587
6589
6590
6592
6593
6597
6599
6602
6605
6606
6607
6608
6611
6612
6614
6615
6617
6619
6621
6623
6624
6625
6627
6629
6632
6633
6636
6637
6648
6653
6661
6662
6663
6666
6672
6674
6680
6682
6686
6687
6689
6695
6696
6697
6701
6702
6708
6710
6716
6717
6720
6722
6727
6730
6731
6733
6736
6743
6745
6746
6751
6752
6756
6758
6761
6768
6769
6771
6772
6775
6778
6782
6783
6784
6793
6801
6802
6805
6810
6811
6818
6819
6820
6821
6827
6828
6832
6833
6835
6838
6839
6841
6846
6848
6849
6853
6854
6857
6858
6859
6861
6864
6868
6871
6875
6880
6884
6885
6887
6889
6890
6891
6892
6895
6897
6898
6900
6901
6903
6905
6906
6907
6909
6913
6915
6916
6917
6919
6926
6927
6928
6931
6932
6935
6938
6942
6945
6947
6949
6952
6958
6960
6961
6966
6968
6970
6971
6973
6974
6976
6981
6983
6984
6986
6987
6992
6993
6996
6998
7003
7006
7009
7010
7012
7016
7017
7018
7019
7021
7022
7024
7026
7028
7036
7043
7046
7047
7049
7053
7055
7057
7061
7062
7068
7071
7073
7074
7077
7078
7082
7085
7086
7089
7091
7092
7095
7097
7098
7101
7102
7103
7109
7117
7118
7120
7123
7128
7132
7135
7136
7140
7141
7147
7151
7152
7153
7157
7159
7160
7162
7163
7171
7173
7177
7178
7183
7184
7188
7189
7191
7195
7198
7200
7205
7210
7212
7214
7216
7218
7219
7222
7223
7226
7227
7229
7232
7236
7239
7245
7246
7251
7257
7259
7260
7270
7271
7274
7275
7276
7280
7282
7284
7288
7289
7291
7293
7297
7300
7301
7305
7310
7312
7315
7316
7320
7323
7324
7332
7334
7343
7344
7346
7347
7356
7357
7360
7362
7366
7368
7369
7370
7371
7373
7374
7375
7377
7380
7381
7383
7384
7385
7386
7389
7391
7395
7397
7403
7404
7406
7409
7410
7421
7422
7423
7424
7425
7426
7427
7429
7431
7432
7433
7434
7435
7436
7438
7440
7443
7448
7453
7460
7462
7464
7467
7470
7471
7472
7477
7479
7481
7482
7483
7485
7486
7487
7489
7491
7494
7495
7500
7503
7508
7509
7510
7516
7521
7522
7525
7528
7529
7530
7531
7532
7534
7536
7537
7538
7539
7543
7546
7548
7549
7558
7562
7564
7565
7566
7570
7573
7575
7577
7582
7586
7587
7591
7592
7593
7596
7597
7598
7600
7602
7603
7606
7607
7608
7610
7614
7617
7618
7620
7621
7622
7624
7626
7629
7631
7635
7638
7644
7645
7646
7648
7651
7653
7654
7657
7658
7659
7660
7661
7664
7665
7673
7674
7675
7676
7679
7682
7684
7689
7699
7700
7702
7709
7713
7715
7716
7718
7719
7720
7722
7723
7725
7726
7731
7732
7738
7739
7742
7743
7744
7746
7752
7760
7763
7764
7765
7766
7770
7772
7775
7776
7785
7789
7790
7791
7793
7794
7795
7796
7798
7799
7801
7802
7811
7812
7815
7818
7819
7825
7826
7829
7830
7831
7833
7834
7839
7840
7843
7847
7849
7852
7855
7857
7859
7860
7862
7863
7864
7865
7867
7868
7869
7873
7874
7876
7877
7879
7880
7883
7885
7886
7887
7892
7902
7903
7904
7908
7910
7911
7913
7915
7916
7917
7921
7925
7928
7930
7931
7932
7934
7941
7943
7946
7950
7951
7956
7958
7959
7962
7964
7966
7970
7973
7975
7977
7978
7982
7984
7988
7993
7997
7999
8000
8002
8003
8009
8016
8017
8018
8019
8021
8022
8023
8028
8030
8032
8034
8037
8038
8042
8044
8046
8047
8051
8052
8054
8055
8056
8057
8058
8063
8067
8071
8073
8075
8081
8083
8086
8092
8097
8099
8103
8106
8108
8110
8111
8112
8113
8116
8118
8120
8122
8125
8127
8129
8132
8133
8134
8136
8137
8140
8141
8145
8148
8149
8151
8153
8155
8158
8159
8161
8166
8169
8170
8173
8175
8184
8188
8189
8190
8191
412
0
1
2
3
4
5
6
7
8
9
10
11
12
13
14
15
16
17
18
19
20
21
22
23
24
25
26
27
28
29
30
31
32
33
34
35
36
37
38
39
40
41
42
43
44
45
46
47
48
49
50
51
52
53
54
55
56
57
58
59
60
61
62
63
64
65
66
67
68
69
70
71
72
73
74
75
76
77
78
79
80
81
82
83
84
85
86
87
88
89
90
91
92
93
94
95
96
97
98
99
100
101
102
103
104
105
106
107
108
109
110
111
112
113
114
115
116
117
118
120
121
122
123
124
125
126
127
128
129
130
131
132
133
134
135
136
137
138
139
140
141
142
143
144
145
146
147
148
149
150
151
152
153
154
155
156
157
158
159
160
161
162
163
164
165
166
167
168
169
170
171
172
173
174
175
176
177
178
179
180
181
182
183
184
185
186
187
188
189
190
191
192
193
194
195
196
197
198
199
200
201
202
203
204
205
206
207
208
209
210
211
212
213
214
215
216
217
218
219
220
221
222
223
224
225
226
227
228
229
230
231
232
233
234
235
236
237
238
239
240
241
242
243
244
245
246
247
248
249
250
251
252
253
254
255
256
257
258
259
260
261
262
263
264
265
266
267
268
269
270
271
272
273
274
275
276
277
278
279
280
281
282
283
284
285
286
287
288
289
290
291
292
293
294
295
296
297
298
299
300
301
302
303
304
305
306
307
308
309
310
311
312
313
314
315
316
317
318
319
320
321
322
323
324
325
326
327
328
329
330
331
332
333
334
335
336
337
338
339
340
341
342
343
344
345
346
347
348
349
350
351
352
353
354
355
356
357
358
359
360
361
362
363
364
365
366
367
368
369
370
371
372
373
374
375
376
377
378
379
380
381
382
383
384
385
386
387
388
389
390
391
392
393
394
395
396
397
398
399
400
401
402
403
404
405
406
407
408
409
410
411
412
