836
0
2048
2050
2051
2054
8
2056
2058
12
2060
13
16
2064
2065
2066
19
20
22
2070
2073
28
2076
2077
31
2080
2083
36
2084
37
2085
38
40
2088
41
42
46
48
2096
49
2099
2102
2104
58
59
2107
62
64
66
68
2116
69
70
2118
2119
2121
2125
2127
81
82
86
92
93
2141
94
95
2144
97
101
2149
104
2152
2155
2159
112
2160
2161
2163
2164
118
119
120
2168
2173
2175
129
2178
133
2182
2183
2186
2187
2188
141
142
2191
144
145
2193
150
2199
152
2200
2202
156
158
2206
159
2207
162
2215
171
174
2222
2223
2224
177
2225
2228
2229
2230
183
2234
187
190
2239
193
195
198
2246
201
203
204
209
211
2261
215
216
218
2266
221
2269
223
2274
227
233
2282
2284
237
238
239
240
242
2290
2291
2296
2297
253
2301
254
2302
257
259
261
262
265
2313
266
2314
268
2317
272
273
2321
2323
276
277
2326
279
2327
2330
284
2332
2334
2335
288
2337
2339
292
293
295
2343
298
2347
2349
2350
2351
304
2355
308
2356
2357
2358
2359
2360
2361
316
2366
320
323
326
327
328
329
2379
2380
336
2384
2387
2388
342
2392
345
2397
2398
2400
353
2401
356
357
361
365
2415
2418
371
2425
2428
2430
2433
2434
387
2436
2445
403
2452
2453
406
410
2458
412
2462
417
418
420
421
422
2471
424
2472
428
431
2479
2480
2482
435
437
2486
440
2490
443
2492
446
448
2496
2498
2499
2501
2502
2503
456
2504
459
2507
2511
2512
465
2513
466
2514
470
471
473
2525
478
481
2529
483
2533
490
491
2539
2540
2541
495
497
2545
2550
2551
2553
2555
508
2557
511
2559
512
515
2563
2566
2570
2571
526
2574
2577
530
2579
2580
533
2581
2582
2583
538
2588
541
544
547
2597
557
558
2608
561
562
565
2613
2614
569
572
573
2621
574
578
579
582
584
586
588
590
593
596
599
602
603
604
605
613
615
616
619
622
625
631
635
636
637
641
645
646
651
659
661
663
665
666
667
668
669
673
678
679
680
682
683
692
705
710
713
714
715
717
720
721
729
731
733
734
738
739
741
742
746
748
751
754
756
758
759
761
774
776
782
788
793
794
795
797
801
805
807
808
813
821
823
827
834
835
838
840
843
844
846
847
855
859
865
866
873
879
882
889
893
898
901
904
905
907
908
916
917
918
920
928
931
932
942
944
945
947
952
960
963
964
965
973
975
978
980
981
982
987
988
989
991
993
995
997
998
1005
1010
1013
1016
1021
1022
1029
1030
1034
1035
1036
1039
1045
1050
1053
1054
1056
1059
1065
1067
1069
1070
1071
1072
1074
1077
1082
1089
1091
1092
1093
1095
1097
1098
1100
1103
1116
1117
1119
1129
1130
1131
1135
1138
1139
1140
1142
1143
1144
1146
1147
1149
1150
1151
1152
1154
1157
1163
1165
1166
1167
1170
1175
1184
1186
1187
1193
1194
1196
1205
1209
1214
1215
1218
1219
1231
1234
1236
1241
1253
1258
1259
1260
1263
1265
1274
1277
1279
1280
1282
1286
1287
1289
1291
1293
1295
1298
1305
1306
1308
1309
1311
1316
1317
1326
1327
1328
1329
1330
1333
1340
1344
1345
1346
1347
1348
1349
1353
1355
1356
1360
1362
1364
1365
1371
1372
1374
1375
1376
1378
1379
1381
1388
1394
1400
1402
1406
1409
1411
1412
1415
1418
1420
1421
1422
1427
1429
1435
1437
1442
1443
1444
1446
1448
1452
1458
1461
1471
1475
1477
1479
1482
1483
1489
1491
1496
1498
1500
1501
1505
1506
1512
1513
1521
1524
1525
1528
1530
1531
1532
1534
1535
1538
1539
1541
1542
1547
1552
1555
1558
1560
1561
1570
1571
1572
1581
1587
1588
1592
1593
1598
1602
1606
1610
1616
1618
1623
1624
1627
1628
1632
1635
1636
1640
1641
1643
1648
1652
1656
1662
1663
1665
1673
1676
1678
1682
1683
1685
1686
1687
1688
1691
1696
1700
1703
1705
1706
1707
1716
1719
1720
1727
1730
1732
1739
1740
1743
1745
1754
1758
1759
1763
1765
1766
1768
1769
1770
1773
1776
1782
1786
1792
1793
1797
1798
1799
1802
1803
1807
1809
1810
1816
1818
1820
1822
1823
1824
1828
1832
1843
1848
1854
1856
1871
1872
1873
1877
1879
1882
1884
1887
1889
1900
1903
1904
1909
1911
1913
1915
1916
1923
1926
1928
1929
1930
1935
1936
1937
1938
1949
1950
1951
1952
1954
1955
1960
1962
1968
1969
1971
1977
1980
1981
1982
1983
1984
1988
1989
1994
1997
1998
1999
2001
2003
2006
2009
2012
2015
2021
2022
2023
2024
2026
2028
2034
2037
2038
2039
2040
2042
2043
2046
140
0
1
2
3
4
5
6
7
8
9
10
14
15
16
17
18
19
20
21
22
23
24
26
27
28
29
30
31
32
33
34
37
38
39
40
41
42
43
44
45
46
47
48
49
50
51
52
53
54
55
56
57
58
59
60
61
65
66
67
68
69
70
71
72
73
74
76
77
78
79
80
81
82
83
84
85
86
87
89
90
91
92
93
94
95
96
97
98
99
104
105
106
107
108
109
110
111
112
113
116
117
118
119
120
121
122
123
124
125
126
127
128
129
130
131
132
133
134
135
136
137
140
141
142
143
144
145
146
147
148
151
152
153
154
155
156
157
158
159
160
