130
514
1282
1540
1029
1543
8
1548
1293
1806
782
2063
1810
1043
787
19
2070
535
1559
1048
536
1304
25
1818
28
2077
29
1565
545
1832
2090
1581
301
47
560
818
1075
1337
1849
313
63
65
2117
1869
590
591
1104
1618
1110
1623
1111
1627
1633
1891
1124
1127
1900
109
110
111
371
116
1653
374
2168
635
637
127
1663
896
1665
385
899
644
135
651
1425
1169
1427
1939
1684
1940
1687
663
152
154
668
1948
157
677
165
681
1961
1708
429
944
1715
694
185
1981
446
959
1216
448
961
451
708
711
967
1225
458
1228
461
2004
476
734
479
2015
224
480
738
228
1766
750
1262
2037
247
1530
1786
252
254
166
0
1
2
3
4
5
6
7
8
9
10
11
12
13
14
15
16
17
18
19
20
21
22
23
24
25
26
27
28
29
30
31
32
33
34
35
36
37
38
39
40
42
43
44
45
46
47
48
49
50
51
52
53
54
55
56
57
58
59
60
61
62
63
64
65
66
67
68
69
70
71
72
73
74
75
76
77
78
79
80
81
82
83
84
85
86
87
88
89
90
91
92
93
94
95
96
97
98
99
100
101
102
103
105
106
107
108
109
110
111
112
113
114
115
116
117
118
119
120
121
122
123
124
125
126
127
128
129
130
131
132
133
134
135
136
137
138
139
140
141
142
143
144
145
146
147
148
149
150
151
152
153
154
155
156
157
158
159
160
161
162
163
164
165
166
167
